#Layer Chip Chan I J K
1 129 0 3 11 1
1 129 1 3 12 1
1 129 2 3 13 1
1 129 3 3 14 1
1 129 4 3 15 1
1 129 5 3 16 1
1 129 6 3 17 1
1 129 7 3 18 1
1 129 8 3 10 1
1 129 9 3 9 1
1 129 10 3 8 1
1 129 11 3 7 1
1 129 12 3 6 1
1 129 13 3 5 1
1 129 14 3 4 1
1 129 15 3 3 1
1 129 16 3 2 1
1 129 17 3 1 1
1 129 18 4 1 1
1 129 19 4 2 1
1 129 20 4 3 1
1 129 21 4 4 1
1 129 22 4 5 1
1 129 23 4 6 1
1 129 24 4 7 1
1 129 25 4 8 1
1 129 26 4 9 1
1 129 27 4 10 1
1 129 28 4 18 1
1 129 29 4 17 1
1 129 30 4 16 1
1 129 31 4 15 1
1 129 32 4 14 1
1 129 33 4 13 1
1 129 34 4 12 1
1 129 35 4 11 1
1 130 0 4 26 1
1 130 1 4 25 1
1 130 2 4 24 1
1 130 3 4 23 1
1 130 4 4 22 1
1 130 5 4 21 1
1 130 6 4 20 1
1 130 7 4 19 1
1 130 8 4 27 1
1 130 9 4 28 1
1 130 10 4 29 1
1 130 11 4 30 1
1 130 12 4 31 1
1 130 13 4 32 1
1 130 14 4 33 1
1 130 15 4 34 1
1 130 16 4 35 1
1 130 17 4 36 1
1 130 18 3 36 1
1 130 19 3 35 1
1 130 20 3 34 1
1 130 21 3 33 1
1 130 22 3 32 1
1 130 23 3 31 1
1 130 24 3 30 1
1 130 25 3 29 1
1 130 26 3 28 1
1 130 27 3 27 1
1 130 28 3 19 1
1 130 29 3 20 1
1 130 30 3 21 1
1 130 31 3 22 1
1 130 32 3 23 1
1 130 33 3 24 1
1 130 34 3 25 1
1 130 35 3 26 1
1 131 0 2 26 1
1 131 1 2 25 1
1 131 2 2 24 1
1 131 3 2 23 1
1 131 4 2 22 1
1 131 5 2 21 1
1 131 6 2 20 1
1 131 7 2 19 1
1 131 8 2 27 1
1 131 9 2 28 1
1 131 10 2 29 1
1 131 11 2 30 1
1 131 12 2 31 1
1 131 13 2 32 1
1 131 14 2 33 1
1 131 15 2 34 1
1 131 16 2 35 1
1 131 17 2 36 1
1 131 18 1 36 1
1 131 19 1 35 1
1 131 20 1 34 1
1 131 21 1 33 1
1 131 22 1 32 1
1 131 23 1 31 1
1 131 24 1 30 1
1 131 25 1 29 1
1 131 26 1 28 1
1 131 27 1 27 1
1 131 28 1 19 1
1 131 29 1 20 1
1 131 30 1 21 1
1 131 31 1 22 1
1 131 32 1 23 1
1 131 33 1 24 1
1 131 34 1 25 1
1 131 35 1 26 1
1 132 0 1 11 1
1 132 1 1 12 1
1 132 2 1 13 1
1 132 3 1 14 1
1 132 4 1 15 1
1 132 5 1 16 1
1 132 6 1 17 1
1 132 7 1 18 1
1 132 8 1 10 1
1 132 9 1 9 1
1 132 10 1 8 1
1 132 11 1 7 1
1 132 12 1 6 1
1 132 13 1 5 1
1 132 14 1 4 1
1 132 15 1 3 1
1 132 16 1 2 1
1 132 17 1 1 1
1 132 18 2 1 1
1 132 19 2 2 1
1 132 20 2 3 1
1 132 21 2 4 1
1 132 22 2 5 1
1 132 23 2 6 1
1 132 24 2 7 1
1 132 25 2 8 1
1 132 26 2 9 1
1 132 27 2 10 1
1 132 28 2 18 1
1 132 29 2 17 1
1 132 30 2 16 1
1 132 31 2 15 1
1 132 32 2 14 1
1 132 33 2 13 1
1 132 34 2 12 1
1 132 35 2 11 1
2 137 0 4 11 2
2 137 1 4 12 2
2 137 2 4 13 2
2 137 3 4 14 2
2 137 4 4 15 2
2 137 5 4 16 2
2 137 6 4 17 2
2 137 7 4 18 2
2 137 8 4 10 2
2 137 9 4 9 2
2 137 10 4 8 2
2 137 11 4 7 2
2 137 12 4 6 2
2 137 13 4 5 2
2 137 14 4 4 2
2 137 15 4 3 2
2 137 16 4 2 2
2 137 17 4 1 2
2 137 18 3 1 2
2 137 19 3 2 2
2 137 20 3 3 2
2 137 21 3 4 2
2 137 22 3 5 2
2 137 23 3 6 2
2 137 24 3 7 2
2 137 25 3 8 2
2 137 26 3 9 2
2 137 27 3 10 2
2 137 28 3 18 2
2 137 29 3 17 2
2 137 30 3 16 2
2 137 31 3 15 2
2 137 32 3 14 2
2 137 33 3 13 2
2 137 34 3 12 2
2 137 35 3 11 2
2 138 0 3 26 2
2 138 1 3 25 2
2 138 2 3 24 2
2 138 3 3 23 2
2 138 4 3 22 2
2 138 5 3 21 2
2 138 6 3 20 2
2 138 7 3 19 2
2 138 8 3 27 2
2 138 9 3 28 2
2 138 10 3 29 2
2 138 11 3 30 2
2 138 12 3 31 2
2 138 13 3 32 2
2 138 14 3 33 2
2 138 15 3 34 2
2 138 16 3 35 2
2 138 17 3 36 2
2 138 18 4 36 2
2 138 19 4 35 2
2 138 20 4 34 2
2 138 21 4 33 2
2 138 22 4 32 2
2 138 23 4 31 2
2 138 24 4 30 2
2 138 25 4 29 2
2 138 26 4 28 2
2 138 27 4 27 2
2 138 28 4 19 2
2 138 29 4 20 2
2 138 30 4 21 2
2 138 31 4 22 2
2 138 32 4 23 2
2 138 33 4 24 2
2 138 34 4 25 2
2 138 35 4 26 2
2 139 0 1 26 2
2 139 1 1 25 2
2 139 2 1 24 2
2 139 3 1 23 2
2 139 4 1 22 2
2 139 5 1 21 2
2 139 6 1 20 2
2 139 7 1 19 2
2 139 8 1 27 2
2 139 9 1 28 2
2 139 10 1 29 2
2 139 11 1 30 2
2 139 12 1 31 2
2 139 13 1 32 2
2 139 14 1 33 2
2 139 15 1 34 2
2 139 16 1 35 2
2 139 17 1 36 2
2 139 18 2 36 2
2 139 19 2 35 2
2 139 20 2 34 2
2 139 21 2 33 2
2 139 22 2 32 2
2 139 23 2 31 2
2 139 24 2 30 2
2 139 25 2 29 2
2 139 26 2 28 2
2 139 27 2 27 2
2 139 28 2 19 2
2 139 29 2 20 2
2 139 30 2 21 2
2 139 31 2 22 2
2 139 32 2 23 2
2 139 33 2 24 2
2 139 34 2 25 2
2 139 35 2 26 2
2 140 0 2 11 2
2 140 1 2 12 2
2 140 2 2 13 2
2 140 3 2 14 2
2 140 4 2 15 2
2 140 5 2 16 2
2 140 6 2 17 2
2 140 7 2 18 2
2 140 8 2 10 2
2 140 9 2 9 2
2 140 10 2 8 2
2 140 11 2 7 2
2 140 12 2 6 2
2 140 13 2 5 2
2 140 14 2 4 2
2 140 15 2 3 2
2 140 16 2 2 2
2 140 17 2 1 2
2 140 18 1 1 2
2 140 19 1 2 2
2 140 20 1 3 2
2 140 21 1 4 2
2 140 22 1 5 2
2 140 23 1 6 2
2 140 24 1 7 2
2 140 25 1 8 2
2 140 26 1 9 2
2 140 27 1 10 2
2 140 28 1 18 2
2 140 29 1 17 2
2 140 30 1 16 2
2 140 31 1 15 2
2 140 32 1 14 2
2 140 33 1 13 2
2 140 34 1 12 2
2 140 35 1 11 2
3 233 0 12 13 3
3 233 1 12 14 3
3 233 2 12 15 3
3 233 3 12 16 3
3 233 4 12 17 3
3 233 5 12 18 3
3 233 6 11 13 3
3 233 7 11 14 3
3 233 8 11 15 3
3 233 9 11 16 3
3 233 10 11 17 3
3 233 11 11 18 3
3 233 12 10 13 3
3 233 13 10 14 3
3 233 14 10 15 3
3 233 15 10 16 3
3 233 16 10 17 3
3 233 17 10 18 3
3 233 18 9 13 3
3 233 19 9 14 3
3 233 20 9 15 3
3 233 21 9 16 3
3 233 22 9 17 3
3 233 23 9 18 3
3 233 24 8 13 3
3 233 25 8 14 3
3 233 26 8 15 3
3 233 27 8 16 3
3 233 28 8 17 3
3 233 29 8 18 3
3 233 30 7 13 3
3 233 31 7 14 3
3 233 32 7 15 3
3 233 33 7 16 3
3 233 34 7 17 3
3 233 35 7 18 3
3 234 0 12 7 3
3 234 1 12 8 3
3 234 2 12 9 3
3 234 3 12 10 3
3 234 4 12 11 3
3 234 5 12 12 3
3 234 6 11 7 3
3 234 7 11 8 3
3 234 8 11 9 3
3 234 9 11 10 3
3 234 10 11 11 3
3 234 11 11 12 3
3 234 12 10 7 3
3 234 13 10 8 3
3 234 14 10 9 3
3 234 15 10 10 3
3 234 16 10 11 3
3 234 17 10 12 3
3 234 18 9 7 3
3 234 19 9 8 3
3 234 20 9 9 3
3 234 21 9 10 3
3 234 22 9 11 3
3 234 23 9 12 3
3 234 24 8 7 3
3 234 25 8 8 3
3 234 26 8 9 3
3 234 27 8 10 3
3 234 28 8 11 3
3 234 29 8 12 3
3 234 30 7 7 3
3 234 31 7 8 3
3 234 32 7 9 3
3 234 33 7 10 3
3 234 34 7 11 3
3 234 35 7 12 3
3 235 0 18 18 3
3 235 1 18 17 3
3 235 2 18 16 3
3 235 3 18 15 3
3 235 4 18 14 3
3 235 5 18 13 3
3 235 6 17 18 3
3 235 7 17 17 3
3 235 8 17 16 3
3 235 9 17 15 3
3 235 10 17 14 3
3 235 11 17 13 3
3 235 12 16 18 3
3 235 13 16 17 3
3 235 14 16 16 3
3 235 15 16 15 3
3 235 16 16 14 3
3 235 17 16 13 3
3 235 18 15 18 3
3 235 19 15 17 3
3 235 20 15 16 3
3 235 21 15 15 3
3 235 22 15 14 3
3 235 23 15 13 3
3 235 24 14 18 3
3 235 25 14 17 3
3 235 26 14 16 3
3 235 27 14 15 3
3 235 28 14 14 3
3 235 29 14 13 3
3 235 30 13 18 3
3 235 31 13 17 3
3 235 32 13 16 3
3 235 33 13 15 3
3 235 34 13 14 3
3 235 35 13 13 3
3 236 0 18 12 3
3 236 1 18 11 3
3 236 2 18 10 3
3 236 3 18 9 3
3 236 4 18 8 3
3 236 5 18 7 3
3 236 6 17 12 3
3 236 7 17 11 3
3 236 8 17 10 3
3 236 9 17 9 3
3 236 10 17 8 3
3 236 11 17 7 3
3 236 12 16 12 3
3 236 13 16 11 3
3 236 14 16 10 3
3 236 15 16 9 3
3 236 16 16 8 3
3 236 17 16 7 3
3 236 18 15 12 3
3 236 19 15 11 3
3 236 20 15 10 3
3 236 21 15 9 3
3 236 22 15 8 3
3 236 23 15 7 3
3 236 24 14 12 3
3 236 25 14 11 3
3 236 26 14 10 3
3 236 27 14 9 3
3 236 28 14 8 3
3 236 29 14 7 3
3 236 30 13 12 3
3 236 31 13 11 3
3 236 32 13 10 3
3 236 33 13 9 3
3 236 34 13 8 3
3 236 35 13 7 3
4 165 0 12 13 4
4 165 1 12 14 4
4 165 2 12 15 4
4 165 3 12 16 4
4 165 4 12 17 4
4 165 5 12 18 4
4 165 6 11 13 4
4 165 7 11 14 4
4 165 8 11 15 4
4 165 9 11 16 4
4 165 10 11 17 4
4 165 11 11 18 4
4 165 12 10 13 4
4 165 13 10 14 4
4 165 14 10 15 4
4 165 15 10 16 4
4 165 16 10 17 4
4 165 17 10 18 4
4 165 18 9 13 4
4 165 19 9 14 4
4 165 20 9 15 4
4 165 21 9 16 4
4 165 22 9 17 4
4 165 23 9 18 4
4 165 24 8 13 4
4 165 25 8 14 4
4 165 26 8 15 4
4 165 27 8 16 4
4 165 28 8 17 4
4 165 29 8 18 4
4 165 30 7 13 4
4 165 31 7 14 4
4 165 32 7 15 4
4 165 33 7 16 4
4 165 34 7 17 4
4 165 35 7 18 4
4 166 0 12 7 4
4 166 1 12 8 4
4 166 2 12 9 4
4 166 3 12 10 4
4 166 4 12 11 4
4 166 5 12 12 4
4 166 6 11 7 4
4 166 7 11 8 4
4 166 8 11 9 4
4 166 9 11 10 4
4 166 10 11 11 4
4 166 11 11 12 4
4 166 12 10 7 4
4 166 13 10 8 4
4 166 14 10 9 4
4 166 15 10 10 4
4 166 16 10 11 4
4 166 17 10 12 4
4 166 18 9 7 4
4 166 19 9 8 4
4 166 20 9 9 4
4 166 21 9 10 4
4 166 22 9 11 4
4 166 23 9 12 4
4 166 24 8 7 4
4 166 25 8 8 4
4 166 26 8 9 4
4 166 27 8 10 4
4 166 28 8 11 4
4 166 29 8 12 4
4 166 30 7 7 4
4 166 31 7 8 4
4 166 32 7 9 4
4 166 33 7 10 4
4 166 34 7 11 4
4 166 35 7 12 4
4 167 0 18 18 4
4 167 1 18 17 4
4 167 2 18 16 4
4 167 3 18 15 4
4 167 4 18 14 4
4 167 5 18 13 4
4 167 6 17 18 4
4 167 7 17 17 4
4 167 8 17 16 4
4 167 9 17 15 4
4 167 10 17 14 4
4 167 11 17 13 4
4 167 12 16 18 4
4 167 13 16 17 4
4 167 14 16 16 4
4 167 15 16 15 4
4 167 16 16 14 4
4 167 17 16 13 4
4 167 18 15 18 4
4 167 19 15 17 4
4 167 20 15 16 4
4 167 21 15 15 4
4 167 22 15 14 4
4 167 23 15 13 4
4 167 24 14 18 4
4 167 25 14 17 4
4 167 26 14 16 4
4 167 27 14 15 4
4 167 28 14 14 4
4 167 29 14 13 4
4 167 30 13 18 4
4 167 31 13 17 4
4 167 32 13 16 4
4 167 33 13 15 4
4 167 34 13 14 4
4 167 35 13 13 4
4 168 0 18 12 4
4 168 1 18 11 4
4 168 2 18 10 4
4 168 3 18 9 4
4 168 4 18 8 4
4 168 5 18 7 4
4 168 6 17 12 4
4 168 7 17 11 4
4 168 8 17 10 4
4 168 9 17 9 4
4 168 10 17 8 4
4 168 11 17 7 4
4 168 12 16 12 4
4 168 13 16 11 4
4 168 14 16 10 4
4 168 15 16 9 4
4 168 16 16 8 4
4 168 17 16 7 4
4 168 18 15 12 4
4 168 19 15 11 4
4 168 20 15 10 4
4 168 21 15 9 4
4 168 22 15 8 4
4 168 23 15 7 4
4 168 24 14 12 4
4 168 25 14 11 4
4 168 26 14 10 4
4 168 27 14 9 4
4 168 28 14 8 4
4 168 29 14 7 4
4 168 30 13 12 4
4 168 31 13 11 4
4 168 32 13 10 4
4 168 33 13 9 4
4 168 34 13 8 4
4 168 35 13 7 4
5 161 0 12 13 5
5 161 1 12 14 5
5 161 2 12 15 5
5 161 3 12 16 5
5 161 4 12 17 5
5 161 5 12 18 5
5 161 6 11 13 5
5 161 7 11 14 5
5 161 8 11 15 5
5 161 9 11 16 5
5 161 10 11 17 5
5 161 11 11 18 5
5 161 12 10 13 5
5 161 13 10 14 5
5 161 14 10 15 5
5 161 15 10 16 5
5 161 16 10 17 5
5 161 17 10 18 5
5 161 18 9 13 5
5 161 19 9 14 5
5 161 20 9 15 5
5 161 21 9 16 5
5 161 22 9 17 5
5 161 23 9 18 5
5 161 24 8 13 5
5 161 25 8 14 5
5 161 26 8 15 5
5 161 27 8 16 5
5 161 28 8 17 5
5 161 29 8 18 5
5 161 30 7 13 5
5 161 31 7 14 5
5 161 32 7 15 5
5 161 33 7 16 5
5 161 34 7 17 5
5 161 35 7 18 5
5 162 0 12 7 5
5 162 1 12 8 5
5 162 2 12 9 5
5 162 3 12 10 5
5 162 4 12 11 5
5 162 5 12 12 5
5 162 6 11 7 5
5 162 7 11 8 5
5 162 8 11 9 5
5 162 9 11 10 5
5 162 10 11 11 5
5 162 11 11 12 5
5 162 12 10 7 5
5 162 13 10 8 5
5 162 14 10 9 5
5 162 15 10 10 5
5 162 16 10 11 5
5 162 17 10 12 5
5 162 18 9 7 5
5 162 19 9 8 5
5 162 20 9 9 5
5 162 21 9 10 5
5 162 22 9 11 5
5 162 23 9 12 5
5 162 24 8 7 5
5 162 25 8 8 5
5 162 26 8 9 5
5 162 27 8 10 5
5 162 28 8 11 5
5 162 29 8 12 5
5 162 30 7 7 5
5 162 31 7 8 5
5 162 32 7 9 5
5 162 33 7 10 5
5 162 34 7 11 5
5 162 35 7 12 5
5 163 0 18 18 5
5 163 1 18 17 5
5 163 2 18 16 5
5 163 3 18 15 5
5 163 4 18 14 5
5 163 5 18 13 5
5 163 6 17 18 5
5 163 7 17 17 5
5 163 8 17 16 5
5 163 9 17 15 5
5 163 10 17 14 5
5 163 11 17 13 5
5 163 12 16 18 5
5 163 13 16 17 5
5 163 14 16 16 5
5 163 15 16 15 5
5 163 16 16 14 5
5 163 17 16 13 5
5 163 18 15 18 5
5 163 19 15 17 5
5 163 20 15 16 5
5 163 21 15 15 5
5 163 22 15 14 5
5 163 23 15 13 5
5 163 24 14 18 5
5 163 25 14 17 5
5 163 26 14 16 5
5 163 27 14 15 5
5 163 28 14 14 5
5 163 29 14 13 5
5 163 30 13 18 5
5 163 31 13 17 5
5 163 32 13 16 5
5 163 33 13 15 5
5 163 34 13 14 5
5 163 35 13 13 5
5 164 0 18 12 5
5 164 1 18 11 5
5 164 2 18 10 5
5 164 3 18 9 5
5 164 4 18 8 5
5 164 5 18 7 5
5 164 6 17 12 5
5 164 7 17 11 5
5 164 8 17 10 5
5 164 9 17 9 5
5 164 10 17 8 5
5 164 11 17 7 5
5 164 12 16 12 5
5 164 13 16 11 5
5 164 14 16 10 5
5 164 15 16 9 5
5 164 16 16 8 5
5 164 17 16 7 5
5 164 18 15 12 5
5 164 19 15 11 5
5 164 20 15 10 5
5 164 21 15 9 5
5 164 22 15 8 5
5 164 23 15 7 5
5 164 24 14 12 5
5 164 25 14 11 5
5 164 26 14 10 5
5 164 27 14 9 5
5 164 28 14 8 5
5 164 29 14 7 5
5 164 30 13 12 5
5 164 31 13 11 5
5 164 32 13 10 5
5 164 33 13 9 5
5 164 34 13 8 5
5 164 35 13 7 5
6 157 0 12 13 6
6 157 1 12 14 6
6 157 2 12 15 6
6 157 3 12 16 6
6 157 4 12 17 6
6 157 5 12 18 6
6 157 6 11 13 6
6 157 7 11 14 6
6 157 8 11 15 6
6 157 9 11 16 6
6 157 10 11 17 6
6 157 11 11 18 6
6 157 12 10 13 6
6 157 13 10 14 6
6 157 14 10 15 6
6 157 15 10 16 6
6 157 16 10 17 6
6 157 17 10 18 6
6 157 18 9 13 6
6 157 19 9 14 6
6 157 20 9 15 6
6 157 21 9 16 6
6 157 22 9 17 6
6 157 23 9 18 6
6 157 24 8 13 6
6 157 25 8 14 6
6 157 26 8 15 6
6 157 27 8 16 6
6 157 28 8 17 6
6 157 29 8 18 6
6 157 30 7 13 6
6 157 31 7 14 6
6 157 32 7 15 6
6 157 33 7 16 6
6 157 34 7 17 6
6 157 35 7 18 6
6 158 0 12 7 6
6 158 1 12 8 6
6 158 2 12 9 6
6 158 3 12 10 6
6 158 4 12 11 6
6 158 5 12 12 6
6 158 6 11 7 6
6 158 7 11 8 6
6 158 8 11 9 6
6 158 9 11 10 6
6 158 10 11 11 6
6 158 11 11 12 6
6 158 12 10 7 6
6 158 13 10 8 6
6 158 14 10 9 6
6 158 15 10 10 6
6 158 16 10 11 6
6 158 17 10 12 6
6 158 18 9 7 6
6 158 19 9 8 6
6 158 20 9 9 6
6 158 21 9 10 6
6 158 22 9 11 6
6 158 23 9 12 6
6 158 24 8 7 6
6 158 25 8 8 6
6 158 26 8 9 6
6 158 27 8 10 6
6 158 28 8 11 6
6 158 29 8 12 6
6 158 30 7 7 6
6 158 31 7 8 6
6 158 32 7 9 6
6 158 33 7 10 6
6 158 34 7 11 6
6 158 35 7 12 6
6 159 0 18 18 6
6 159 1 18 17 6
6 159 2 18 16 6
6 159 3 18 15 6
6 159 4 18 14 6
6 159 5 18 13 6
6 159 6 17 18 6
6 159 7 17 17 6
6 159 8 17 16 6
6 159 9 17 15 6
6 159 10 17 14 6
6 159 11 17 13 6
6 159 12 16 18 6
6 159 13 16 17 6
6 159 14 16 16 6
6 159 15 16 15 6
6 159 16 16 14 6
6 159 17 16 13 6
6 159 18 15 18 6
6 159 19 15 17 6
6 159 20 15 16 6
6 159 21 15 15 6
6 159 22 15 14 6
6 159 23 15 13 6
6 159 24 14 18 6
6 159 25 14 17 6
6 159 26 14 16 6
6 159 27 14 15 6
6 159 28 14 14 6
6 159 29 14 13 6
6 159 30 13 18 6
6 159 31 13 17 6
6 159 32 13 16 6
6 159 33 13 15 6
6 159 34 13 14 6
6 159 35 13 13 6
6 160 0 18 12 6
6 160 1 18 11 6
6 160 2 18 10 6
6 160 3 18 9 6
6 160 4 18 8 6
6 160 5 18 7 6
6 160 6 17 12 6
6 160 7 17 11 6
6 160 8 17 10 6
6 160 9 17 9 6
6 160 10 17 8 6
6 160 11 17 7 6
6 160 12 16 12 6
6 160 13 16 11 6
6 160 14 16 10 6
6 160 15 16 9 6
6 160 16 16 8 6
6 160 17 16 7 6
6 160 18 15 12 6
6 160 19 15 11 6
6 160 20 15 10 6
6 160 21 15 9 6
6 160 22 15 8 6
6 160 23 15 7 6
6 160 24 14 12 6
6 160 25 14 11 6
6 160 26 14 10 6
6 160 27 14 9 6
6 160 28 14 8 6
6 160 29 14 7 6
6 160 30 13 12 6
6 160 31 13 11 6
6 160 32 13 10 6
6 160 33 13 9 6
6 160 34 13 8 6
6 160 35 13 7 6
7 153 0 12 13 7
7 153 1 12 14 7
7 153 2 12 15 7
7 153 3 12 16 7
7 153 4 12 17 7
7 153 5 12 18 7
7 153 6 11 13 7
7 153 7 11 14 7
7 153 8 11 15 7
7 153 9 11 16 7
7 153 10 11 17 7
7 153 11 11 18 7
7 153 12 10 13 7
7 153 13 10 14 7
7 153 14 10 15 7
7 153 15 10 16 7
7 153 16 10 17 7
7 153 17 10 18 7
7 153 18 9 13 7
7 153 19 9 14 7
7 153 20 9 15 7
7 153 21 9 16 7
7 153 22 9 17 7
7 153 23 9 18 7
7 153 24 8 13 7
7 153 25 8 14 7
7 153 26 8 15 7
7 153 27 8 16 7
7 153 28 8 17 7
7 153 29 8 18 7
7 153 30 7 13 7
7 153 31 7 14 7
7 153 32 7 15 7
7 153 33 7 16 7
7 153 34 7 17 7
7 153 35 7 18 7
7 154 0 12 7 7
7 154 1 12 8 7
7 154 2 12 9 7
7 154 3 12 10 7
7 154 4 12 11 7
7 154 5 12 12 7
7 154 6 11 7 7
7 154 7 11 8 7
7 154 8 11 9 7
7 154 9 11 10 7
7 154 10 11 11 7
7 154 11 11 12 7
7 154 12 10 7 7
7 154 13 10 8 7
7 154 14 10 9 7
7 154 15 10 10 7
7 154 16 10 11 7
7 154 17 10 12 7
7 154 18 9 7 7
7 154 19 9 8 7
7 154 20 9 9 7
7 154 21 9 10 7
7 154 22 9 11 7
7 154 23 9 12 7
7 154 24 8 7 7
7 154 25 8 8 7
7 154 26 8 9 7
7 154 27 8 10 7
7 154 28 8 11 7
7 154 29 8 12 7
7 154 30 7 7 7
7 154 31 7 8 7
7 154 32 7 9 7
7 154 33 7 10 7
7 154 34 7 11 7
7 154 35 7 12 7
7 155 0 18 18 7
7 155 1 18 17 7
7 155 2 18 16 7
7 155 3 18 15 7
7 155 4 18 14 7
7 155 5 18 13 7
7 155 6 17 18 7
7 155 7 17 17 7
7 155 8 17 16 7
7 155 9 17 15 7
7 155 10 17 14 7
7 155 11 17 13 7
7 155 12 16 18 7
7 155 13 16 17 7
7 155 14 16 16 7
7 155 15 16 15 7
7 155 16 16 14 7
7 155 17 16 13 7
7 155 18 15 18 7
7 155 19 15 17 7
7 155 20 15 16 7
7 155 21 15 15 7
7 155 22 15 14 7
7 155 23 15 13 7
7 155 24 14 18 7
7 155 25 14 17 7
7 155 26 14 16 7
7 155 27 14 15 7
7 155 28 14 14 7
7 155 29 14 13 7
7 155 30 13 18 7
7 155 31 13 17 7
7 155 32 13 16 7
7 155 33 13 15 7
7 155 34 13 14 7
7 155 35 13 13 7
7 156 0 18 12 7
7 156 1 18 11 7
7 156 2 18 10 7
7 156 3 18 9 7
7 156 4 18 8 7
7 156 5 18 7 7
7 156 6 17 12 7
7 156 7 17 11 7
7 156 8 17 10 7
7 156 9 17 9 7
7 156 10 17 8 7
7 156 11 17 7 7
7 156 12 16 12 7
7 156 13 16 11 7
7 156 14 16 10 7
7 156 15 16 9 7
7 156 16 16 8 7
7 156 17 16 7 7
7 156 18 15 12 7
7 156 19 15 11 7
7 156 20 15 10 7
7 156 21 15 9 7
7 156 22 15 8 7
7 156 23 15 7 7
7 156 24 14 12 7
7 156 25 14 11 7
7 156 26 14 10 7
7 156 27 14 9 7
7 156 28 14 8 7
7 156 29 14 7 7
7 156 30 13 12 7
7 156 31 13 11 7
7 156 32 13 10 7
7 156 33 13 9 7
7 156 34 13 8 7
7 156 35 13 7 7
8 149 0 12 13 8
8 149 1 12 14 8
8 149 2 12 15 8
8 149 3 12 16 8
8 149 4 12 17 8
8 149 5 12 18 8
8 149 6 11 13 8
8 149 7 11 14 8
8 149 8 11 15 8
8 149 9 11 16 8
8 149 10 11 17 8
8 149 11 11 18 8
8 149 12 10 13 8
8 149 13 10 14 8
8 149 14 10 15 8
8 149 15 10 16 8
8 149 16 10 17 8
8 149 17 10 18 8
8 149 18 9 13 8
8 149 19 9 14 8
8 149 20 9 15 8
8 149 21 9 16 8
8 149 22 9 17 8
8 149 23 9 18 8
8 149 24 8 13 8
8 149 25 8 14 8
8 149 26 8 15 8
8 149 27 8 16 8
8 149 28 8 17 8
8 149 29 8 18 8
8 149 30 7 13 8
8 149 31 7 14 8
8 149 32 7 15 8
8 149 33 7 16 8
8 149 34 7 17 8
8 149 35 7 18 8
8 150 0 12 7 8
8 150 1 12 8 8
8 150 2 12 9 8
8 150 3 12 10 8
8 150 4 12 11 8
8 150 5 12 12 8
8 150 6 11 7 8
8 150 7 11 8 8
8 150 8 11 9 8
8 150 9 11 10 8
8 150 10 11 11 8
8 150 11 11 12 8
8 150 12 10 7 8
8 150 13 10 8 8
8 150 14 10 9 8
8 150 15 10 10 8
8 150 16 10 11 8
8 150 17 10 12 8
8 150 18 9 7 8
8 150 19 9 8 8
8 150 20 9 9 8
8 150 21 9 10 8
8 150 22 9 11 8
8 150 23 9 12 8
8 150 24 8 7 8
8 150 25 8 8 8
8 150 26 8 9 8
8 150 27 8 10 8
8 150 28 8 11 8
8 150 29 8 12 8
8 150 30 7 7 8
8 150 31 7 8 8
8 150 32 7 9 8
8 150 33 7 10 8
8 150 34 7 11 8
8 150 35 7 12 8
8 151 0 18 18 8
8 151 1 18 17 8
8 151 2 18 16 8
8 151 3 18 15 8
8 151 4 18 14 8
8 151 5 18 13 8
8 151 6 17 18 8
8 151 7 17 17 8
8 151 8 17 16 8
8 151 9 17 15 8
8 151 10 17 14 8
8 151 11 17 13 8
8 151 12 16 18 8
8 151 13 16 17 8
8 151 14 16 16 8
8 151 15 16 15 8
8 151 16 16 14 8
8 151 17 16 13 8
8 151 18 15 18 8
8 151 19 15 17 8
8 151 20 15 16 8
8 151 21 15 15 8
8 151 22 15 14 8
8 151 23 15 13 8
8 151 24 14 18 8
8 151 25 14 17 8
8 151 26 14 16 8
8 151 27 14 15 8
8 151 28 14 14 8
8 151 29 14 13 8
8 151 30 13 18 8
8 151 31 13 17 8
8 151 32 13 16 8
8 151 33 13 15 8
8 151 34 13 14 8
8 151 35 13 13 8
8 152 0 18 12 8
8 152 1 18 11 8
8 152 2 18 10 8
8 152 3 18 9 8
8 152 4 18 8 8
8 152 5 18 7 8
8 152 6 17 12 8
8 152 7 17 11 8
8 152 8 17 10 8
8 152 9 17 9 8
8 152 10 17 8 8
8 152 11 17 7 8
8 152 12 16 12 8
8 152 13 16 11 8
8 152 14 16 10 8
8 152 15 16 9 8
8 152 16 16 8 8
8 152 17 16 7 8
8 152 18 15 12 8
8 152 19 15 11 8
8 152 20 15 10 8
8 152 21 15 9 8
8 152 22 15 8 8
8 152 23 15 7 8
8 152 24 14 12 8
8 152 25 14 11 8
8 152 26 14 10 8
8 152 27 14 9 8
8 152 28 14 8 8
8 152 29 14 7 8
8 152 30 13 12 8
8 152 31 13 11 8
8 152 32 13 10 8
8 152 33 13 9 8
8 152 34 13 8 8
8 152 35 13 7 8
9 145 0 12 13 9
9 145 1 12 14 9
9 145 2 12 15 9
9 145 3 12 16 9
9 145 4 12 17 9
9 145 5 12 18 9
9 145 6 11 13 9
9 145 7 11 14 9
9 145 8 11 15 9
9 145 9 11 16 9
9 145 10 11 17 9
9 145 11 11 18 9
9 145 12 10 13 9
9 145 13 10 14 9
9 145 14 10 15 9
9 145 15 10 16 9
9 145 16 10 17 9
9 145 17 10 18 9
9 145 18 9 13 9
9 145 19 9 14 9
9 145 20 9 15 9
9 145 21 9 16 9
9 145 22 9 17 9
9 145 23 9 18 9
9 145 24 8 13 9
9 145 25 8 14 9
9 145 26 8 15 9
9 145 27 8 16 9
9 145 28 8 17 9
9 145 29 8 18 9
9 145 30 7 13 9
9 145 31 7 14 9
9 145 32 7 15 9
9 145 33 7 16 9
9 145 34 7 17 9
9 145 35 7 18 9
9 146 0 12 7 9
9 146 1 12 8 9
9 146 2 12 9 9
9 146 3 12 10 9
9 146 4 12 11 9
9 146 5 12 12 9
9 146 6 11 7 9
9 146 7 11 8 9
9 146 8 11 9 9
9 146 9 11 10 9
9 146 10 11 11 9
9 146 11 11 12 9
9 146 12 10 7 9
9 146 13 10 8 9
9 146 14 10 9 9
9 146 15 10 10 9
9 146 16 10 11 9
9 146 17 10 12 9
9 146 18 9 7 9
9 146 19 9 8 9
9 146 20 9 9 9
9 146 21 9 10 9
9 146 22 9 11 9
9 146 23 9 12 9
9 146 24 8 7 9
9 146 25 8 8 9
9 146 26 8 9 9
9 146 27 8 10 9
9 146 28 8 11 9
9 146 29 8 12 9
9 146 30 7 7 9
9 146 31 7 8 9
9 146 32 7 9 9
9 146 33 7 10 9
9 146 34 7 11 9
9 146 35 7 12 9
9 147 0 18 18 9
9 147 1 18 17 9
9 147 2 18 16 9
9 147 3 18 15 9
9 147 4 18 14 9
9 147 5 18 13 9
9 147 6 17 18 9
9 147 7 17 17 9
9 147 8 17 16 9
9 147 9 17 15 9
9 147 10 17 14 9
9 147 11 17 13 9
9 147 12 16 18 9
9 147 13 16 17 9
9 147 14 16 16 9
9 147 15 16 15 9
9 147 16 16 14 9
9 147 17 16 13 9
9 147 18 15 18 9
9 147 19 15 17 9
9 147 20 15 16 9
9 147 21 15 15 9
9 147 22 15 14 9
9 147 23 15 13 9
9 147 24 14 18 9
9 147 25 14 17 9
9 147 26 14 16 9
9 147 27 14 15 9
9 147 28 14 14 9
9 147 29 14 13 9
9 147 30 13 18 9
9 147 31 13 17 9
9 147 32 13 16 9
9 147 33 13 15 9
9 147 34 13 14 9
9 147 35 13 13 9
9 148 0 18 12 9
9 148 1 18 11 9
9 148 2 18 10 9
9 148 3 18 9 9
9 148 4 18 8 9
9 148 5 18 7 9
9 148 6 17 12 9
9 148 7 17 11 9
9 148 8 17 10 9
9 148 9 17 9 9
9 148 10 17 8 9
9 148 11 17 7 9
9 148 12 16 12 9
9 148 13 16 11 9
9 148 14 16 10 9
9 148 15 16 9 9
9 148 16 16 8 9
9 148 17 16 7 9
9 148 18 15 12 9
9 148 19 15 11 9
9 148 20 15 10 9
9 148 21 15 9 9
9 148 22 15 8 9
9 148 23 15 7 9
9 148 24 14 12 9
9 148 25 14 11 9
9 148 26 14 10 9
9 148 27 14 9 9
9 148 28 14 8 9
9 148 29 14 7 9
9 148 30 13 12 9
9 148 31 13 11 9
9 148 32 13 10 9
9 148 33 13 9 9
9 148 34 13 8 9
9 148 35 13 7 9
10 141 0 12 13 10
10 141 1 12 14 10
10 141 2 12 15 10
10 141 3 12 16 10
10 141 4 12 17 10
10 141 5 12 18 10
10 141 6 11 13 10
10 141 7 11 14 10
10 141 8 11 15 10
10 141 9 11 16 10
10 141 10 11 17 10
10 141 11 11 18 10
10 141 12 10 13 10
10 141 13 10 14 10
10 141 14 10 15 10
10 141 15 10 16 10
10 141 16 10 17 10
10 141 17 10 18 10
10 141 18 9 13 10
10 141 19 9 14 10
10 141 20 9 15 10
10 141 21 9 16 10
10 141 22 9 17 10
10 141 23 9 18 10
10 141 24 8 13 10
10 141 25 8 14 10
10 141 26 8 15 10
10 141 27 8 16 10
10 141 28 8 17 10
10 141 29 8 18 10
10 141 30 7 13 10
10 141 31 7 14 10
10 141 32 7 15 10
10 141 33 7 16 10
10 141 34 7 17 10
10 141 35 7 18 10
10 142 0 12 7 10
10 142 1 12 8 10
10 142 2 12 9 10
10 142 3 12 10 10
10 142 4 12 11 10
10 142 5 12 12 10
10 142 6 11 7 10
10 142 7 11 8 10
10 142 8 11 9 10
10 142 9 11 10 10
10 142 10 11 11 10
10 142 11 11 12 10
10 142 12 10 7 10
10 142 13 10 8 10
10 142 14 10 9 10
10 142 15 10 10 10
10 142 16 10 11 10
10 142 17 10 12 10
10 142 18 9 7 10
10 142 19 9 8 10
10 142 20 9 9 10
10 142 21 9 10 10
10 142 22 9 11 10
10 142 23 9 12 10
10 142 24 8 7 10
10 142 25 8 8 10
10 142 26 8 9 10
10 142 27 8 10 10
10 142 28 8 11 10
10 142 29 8 12 10
10 142 30 7 7 10
10 142 31 7 8 10
10 142 32 7 9 10
10 142 33 7 10 10
10 142 34 7 11 10
10 142 35 7 12 10
10 143 0 18 18 10
10 143 1 18 17 10
10 143 2 18 16 10
10 143 3 18 15 10
10 143 4 18 14 10
10 143 5 18 13 10
10 143 6 17 18 10
10 143 7 17 17 10
10 143 8 17 16 10
10 143 9 17 15 10
10 143 10 17 14 10
10 143 11 17 13 10
10 143 12 16 18 10
10 143 13 16 17 10
10 143 14 16 16 10
10 143 15 16 15 10
10 143 16 16 14 10
10 143 17 16 13 10
10 143 18 15 18 10
10 143 19 15 17 10
10 143 20 15 16 10
10 143 21 15 15 10
10 143 22 15 14 10
10 143 23 15 13 10
10 143 24 14 18 10
10 143 25 14 17 10
10 143 26 14 16 10
10 143 27 14 15 10
10 143 28 14 14 10
10 143 29 14 13 10
10 143 30 13 18 10
10 143 31 13 17 10
10 143 32 13 16 10
10 143 33 13 15 10
10 143 34 13 14 10
10 143 35 13 13 10
10 144 0 18 12 10
10 144 1 18 11 10
10 144 2 18 10 10
10 144 3 18 9 10
10 144 4 18 8 10
10 144 5 18 7 10
10 144 6 17 12 10
10 144 7 17 11 10
10 144 8 17 10 10
10 144 9 17 9 10
10 144 10 17 8 10
10 144 11 17 7 10
10 144 12 16 12 10
10 144 13 16 11 10
10 144 14 16 10 10
10 144 15 16 9 10
10 144 16 16 8 10
10 144 17 16 7 10
10 144 18 15 12 10
10 144 19 15 11 10
10 144 20 15 10 10
10 144 21 15 9 10
10 144 22 15 8 10
10 144 23 15 7 10
10 144 24 14 12 10
10 144 25 14 11 10
10 144 26 14 10 10
10 144 27 14 9 10
10 144 28 14 8 10
10 144 29 14 7 10
10 144 30 13 12 10
10 144 31 13 11 10
10 144 32 13 10 10
10 144 33 13 9 10
10 144 34 13 8 10
10 144 35 13 7 10
11 169 0 6 19 11
11 169 1 6 20 11
11 169 2 6 21 11
11 169 3 6 22 11
11 169 4 6 23 11
11 169 5 6 24 11
11 169 6 5 19 11
11 169 7 5 20 11
11 169 8 5 21 11
11 169 9 5 22 11
11 169 10 5 23 11
11 169 11 5 24 11
11 169 12 4 19 11
11 169 13 4 20 11
11 169 14 4 21 11
11 169 15 4 22 11
11 169 16 4 23 11
11 169 17 4 24 11
11 169 18 3 19 11
11 169 19 3 20 11
11 169 20 3 21 11
11 169 21 3 22 11
11 169 22 3 23 11
11 169 23 3 24 11
11 169 24 2 19 11
11 169 25 2 20 11
11 169 26 2 21 11
11 169 27 2 22 11
11 169 28 2 23 11
11 169 29 2 24 11
11 169 30 1 19 11
11 169 31 1 20 11
11 169 32 1 21 11
11 169 33 1 22 11
11 169 34 1 23 11
11 169 35 1 24 11
11 170 0 6 13 11
11 170 1 6 14 11
11 170 2 6 15 11
11 170 3 6 16 11
11 170 4 6 17 11
11 170 5 6 18 11
11 170 6 5 13 11
11 170 7 5 14 11
11 170 8 5 15 11
11 170 9 5 16 11
11 170 10 5 17 11
11 170 11 5 18 11
11 170 12 4 13 11
11 170 13 4 14 11
11 170 14 4 15 11
11 170 15 4 16 11
11 170 16 4 17 11
11 170 17 4 18 11
11 170 18 3 13 11
11 170 19 3 14 11
11 170 20 3 15 11
11 170 21 3 16 11
11 170 22 3 17 11
11 170 23 3 18 11
11 170 24 2 13 11
11 170 25 2 14 11
11 170 26 2 15 11
11 170 27 2 16 11
11 170 28 2 17 11
11 170 29 2 18 11
11 170 30 1 13 11
11 170 31 1 14 11
11 170 32 1 15 11
11 170 33 1 16 11
11 170 34 1 17 11
11 170 35 1 18 11
11 171 0 12 24 11
11 171 1 12 23 11
11 171 2 12 22 11
11 171 3 12 21 11
11 171 4 12 20 11
11 171 5 12 19 11
11 171 6 11 24 11
11 171 7 11 23 11
11 171 8 11 22 11
11 171 9 11 21 11
11 171 10 11 20 11
11 171 11 11 19 11
11 171 12 10 24 11
11 171 13 10 23 11
11 171 14 10 22 11
11 171 15 10 21 11
11 171 16 10 20 11
11 171 17 10 19 11
11 171 18 9 24 11
11 171 19 9 23 11
11 171 20 9 22 11
11 171 21 9 21 11
11 171 22 9 20 11
11 171 23 9 19 11
11 171 24 8 24 11
11 171 25 8 23 11
11 171 26 8 22 11
11 171 27 8 21 11
11 171 28 8 20 11
11 171 29 8 19 11
11 171 30 7 24 11
11 171 31 7 23 11
11 171 32 7 22 11
11 171 33 7 21 11
11 171 34 7 20 11
11 171 35 7 19 11
11 172 0 12 18 11
11 172 1 12 17 11
11 172 2 12 16 11
11 172 3 12 15 11
11 172 4 12 14 11
11 172 5 12 13 11
11 172 6 11 18 11
11 172 7 11 17 11
11 172 8 11 16 11
11 172 9 11 15 11
11 172 10 11 14 11
11 172 11 11 13 11
11 172 12 10 18 11
11 172 13 10 17 11
11 172 14 10 16 11
11 172 15 10 15 11
11 172 16 10 14 11
11 172 17 10 13 11
11 172 18 9 18 11
11 172 19 9 17 11
11 172 20 9 16 11
11 172 21 9 15 11
11 172 22 9 14 11
11 172 23 9 13 11
11 172 24 8 18 11
11 172 25 8 17 11
11 172 26 8 16 11
11 172 27 8 15 11
11 172 28 8 14 11
11 172 29 8 13 11
11 172 30 7 18 11
11 172 31 7 17 11
11 172 32 7 16 11
11 172 33 7 15 11
11 172 34 7 14 11
11 172 35 7 13 11
11 173 0 6 7 11
11 173 1 6 8 11
11 173 2 6 9 11
11 173 3 6 10 11
11 173 4 6 11 11
11 173 5 6 12 11
11 173 6 5 7 11
11 173 7 5 8 11
11 173 8 5 9 11
11 173 9 5 10 11
11 173 10 5 11 11
11 173 11 5 12 11
11 173 12 4 7 11
11 173 13 4 8 11
11 173 14 4 9 11
11 173 15 4 10 11
11 173 16 4 11 11
11 173 17 4 12 11
11 173 18 3 7 11
11 173 19 3 8 11
11 173 20 3 9 11
11 173 21 3 10 11
11 173 22 3 11 11
11 173 23 3 12 11
11 173 24 2 7 11
11 173 25 2 8 11
11 173 26 2 9 11
11 173 27 2 10 11
11 173 28 2 11 11
11 173 29 2 12 11
11 173 30 1 7 11
11 173 31 1 8 11
11 173 32 1 9 11
11 173 33 1 10 11
11 173 34 1 11 11
11 173 35 1 12 11
11 174 0 6 1 11
11 174 1 6 2 11
11 174 2 6 3 11
11 174 3 6 4 11
11 174 4 6 5 11
11 174 5 6 6 11
11 174 6 5 1 11
11 174 7 5 2 11
11 174 8 5 3 11
11 174 9 5 4 11
11 174 10 5 5 11
11 174 11 5 6 11
11 174 12 4 1 11
11 174 13 4 2 11
11 174 14 4 3 11
11 174 15 4 4 11
11 174 16 4 5 11
11 174 17 4 6 11
11 174 18 3 1 11
11 174 19 3 2 11
11 174 20 3 3 11
11 174 21 3 4 11
11 174 22 3 5 11
11 174 23 3 6 11
11 174 24 2 1 11
11 174 25 2 2 11
11 174 26 2 3 11
11 174 27 2 4 11
11 174 28 2 5 11
11 174 29 2 6 11
11 174 30 1 1 11
11 174 31 1 2 11
11 174 32 1 3 11
11 174 33 1 4 11
11 174 34 1 5 11
11 174 35 1 6 11
11 175 0 12 12 11
11 175 1 12 11 11
11 175 2 12 10 11
11 175 3 12 9 11
11 175 4 12 8 11
11 175 5 12 7 11
11 175 6 11 12 11
11 175 7 11 11 11
11 175 8 11 10 11
11 175 9 11 9 11
11 175 10 11 8 11
11 175 11 11 7 11
11 175 12 10 12 11
11 175 13 10 11 11
11 175 14 10 10 11
11 175 15 10 9 11
11 175 16 10 8 11
11 175 17 10 7 11
11 175 18 9 12 11
11 175 19 9 11 11
11 175 20 9 10 11
11 175 21 9 9 11
11 175 22 9 8 11
11 175 23 9 7 11
11 175 24 8 12 11
11 175 25 8 11 11
11 175 26 8 10 11
11 175 27 8 9 11
11 175 28 8 8 11
11 175 29 8 7 11
11 175 30 7 12 11
11 175 31 7 11 11
11 175 32 7 10 11
11 175 33 7 9 11
11 175 34 7 8 11
11 175 35 7 7 11
11 176 0 12 6 11
11 176 1 12 5 11
11 176 2 12 4 11
11 176 3 12 3 11
11 176 4 12 2 11
11 176 5 12 1 11
11 176 6 11 6 11
11 176 7 11 5 11
11 176 8 11 4 11
11 176 9 11 3 11
11 176 10 11 2 11
11 176 11 11 1 11
11 176 12 10 6 11
11 176 13 10 5 11
11 176 14 10 4 11
11 176 15 10 3 11
11 176 16 10 2 11
11 176 17 10 1 11
11 176 18 9 6 11
11 176 19 9 5 11
11 176 20 9 4 11
11 176 21 9 3 11
11 176 22 9 2 11
11 176 23 9 1 11
11 176 24 8 6 11
11 176 25 8 5 11
11 176 26 8 4 11
11 176 27 8 3 11
11 176 28 8 2 11
11 176 29 8 1 11
11 176 30 7 6 11
11 176 31 7 5 11
11 176 32 7 4 11
11 176 33 7 3 11
11 176 34 7 2 11
11 176 35 7 1 11
11 177 0 18 19 11
11 177 1 18 20 11
11 177 2 18 21 11
11 177 3 18 22 11
11 177 4 18 23 11
11 177 5 18 24 11
11 177 6 17 19 11
11 177 7 17 20 11
11 177 8 17 21 11
11 177 9 17 22 11
11 177 10 17 23 11
11 177 11 17 24 11
11 177 12 16 19 11
11 177 13 16 20 11
11 177 14 16 21 11
11 177 15 16 22 11
11 177 16 16 23 11
11 177 17 16 24 11
11 177 18 15 19 11
11 177 19 15 20 11
11 177 20 15 21 11
11 177 21 15 22 11
11 177 22 15 23 11
11 177 23 15 24 11
11 177 24 14 19 11
11 177 25 14 20 11
11 177 26 14 21 11
11 177 27 14 22 11
11 177 28 14 23 11
11 177 29 14 24 11
11 177 30 13 19 11
11 177 31 13 20 11
11 177 32 13 21 11
11 177 33 13 22 11
11 177 34 13 23 11
11 177 35 13 24 11
11 178 0 18 13 11
11 178 1 18 14 11
11 178 2 18 15 11
11 178 3 18 16 11
11 178 4 18 17 11
11 178 5 18 18 11
11 178 6 17 13 11
11 178 7 17 14 11
11 178 8 17 15 11
11 178 9 17 16 11
11 178 10 17 17 11
11 178 11 17 18 11
11 178 12 16 13 11
11 178 13 16 14 11
11 178 14 16 15 11
11 178 15 16 16 11
11 178 16 16 17 11
11 178 17 16 18 11
11 178 18 15 13 11
11 178 19 15 14 11
11 178 20 15 15 11
11 178 21 15 16 11
11 178 22 15 17 11
11 178 23 15 18 11
11 178 24 14 13 11
11 178 25 14 14 11
11 178 26 14 15 11
11 178 27 14 16 11
11 178 28 14 17 11
11 178 29 14 18 11
11 178 30 13 13 11
11 178 31 13 14 11
11 178 32 13 15 11
11 178 33 13 16 11
11 178 34 13 17 11
11 178 35 13 18 11
11 179 0 24 24 11
11 179 1 24 23 11
11 179 2 24 22 11
11 179 3 24 21 11
11 179 4 24 20 11
11 179 5 24 19 11
11 179 6 23 24 11
11 179 7 23 23 11
11 179 8 23 22 11
11 179 9 23 21 11
11 179 10 23 20 11
11 179 11 23 19 11
11 179 12 22 24 11
11 179 13 22 23 11
11 179 14 22 22 11
11 179 15 22 21 11
11 179 16 22 20 11
11 179 17 22 19 11
11 179 18 21 24 11
11 179 19 21 23 11
11 179 20 21 22 11
11 179 21 21 21 11
11 179 22 21 20 11
11 179 23 21 19 11
11 179 24 20 24 11
11 179 25 20 23 11
11 179 26 20 22 11
11 179 27 20 21 11
11 179 28 20 20 11
11 179 29 20 19 11
11 179 30 19 24 11
11 179 31 19 23 11
11 179 32 19 22 11
11 179 33 19 21 11
11 179 34 19 20 11
11 179 35 19 19 11
11 180 0 24 18 11
11 180 1 24 17 11
11 180 2 24 16 11
11 180 3 24 15 11
11 180 4 24 14 11
11 180 5 24 13 11
11 180 6 23 18 11
11 180 7 23 17 11
11 180 8 23 16 11
11 180 9 23 15 11
11 180 10 23 14 11
11 180 11 23 13 11
11 180 12 22 18 11
11 180 13 22 17 11
11 180 14 22 16 11
11 180 15 22 15 11
11 180 16 22 14 11
11 180 17 22 13 11
11 180 18 21 18 11
11 180 19 21 17 11
11 180 20 21 16 11
11 180 21 21 15 11
11 180 22 21 14 11
11 180 23 21 13 11
11 180 24 20 18 11
11 180 25 20 17 11
11 180 26 20 16 11
11 180 27 20 15 11
11 180 28 20 14 11
11 180 29 20 13 11
11 180 30 19 18 11
11 180 31 19 17 11
11 180 32 19 16 11
11 180 33 19 15 11
11 180 34 19 14 11
11 180 35 19 13 11
11 181 0 18 7 11
11 181 1 18 8 11
11 181 2 18 9 11
11 181 3 18 10 11
11 181 4 18 11 11
11 181 5 18 12 11
11 181 6 17 7 11
11 181 7 17 8 11
11 181 8 17 9 11
11 181 9 17 10 11
11 181 10 17 11 11
11 181 11 17 12 11
11 181 12 16 7 11
11 181 13 16 8 11
11 181 14 16 9 11
11 181 15 16 10 11
11 181 16 16 11 11
11 181 17 16 12 11
11 181 18 15 7 11
11 181 19 15 8 11
11 181 20 15 9 11
11 181 21 15 10 11
11 181 22 15 11 11
11 181 23 15 12 11
11 181 24 14 7 11
11 181 25 14 8 11
11 181 26 14 9 11
11 181 27 14 10 11
11 181 28 14 11 11
11 181 29 14 12 11
11 181 30 13 7 11
11 181 31 13 8 11
11 181 32 13 9 11
11 181 33 13 10 11
11 181 34 13 11 11
11 181 35 13 12 11
11 182 0 18 1 11
11 182 1 18 2 11
11 182 2 18 3 11
11 182 3 18 4 11
11 182 4 18 5 11
11 182 5 18 6 11
11 182 6 17 1 11
11 182 7 17 2 11
11 182 8 17 3 11
11 182 9 17 4 11
11 182 10 17 5 11
11 182 11 17 6 11
11 182 12 16 1 11
11 182 13 16 2 11
11 182 14 16 3 11
11 182 15 16 4 11
11 182 16 16 5 11
11 182 17 16 6 11
11 182 18 15 1 11
11 182 19 15 2 11
11 182 20 15 3 11
11 182 21 15 4 11
11 182 22 15 5 11
11 182 23 15 6 11
11 182 24 14 1 11
11 182 25 14 2 11
11 182 26 14 3 11
11 182 27 14 4 11
11 182 28 14 5 11
11 182 29 14 6 11
11 182 30 13 1 11
11 182 31 13 2 11
11 182 32 13 3 11
11 182 33 13 4 11
11 182 34 13 5 11
11 182 35 13 6 11
11 183 0 24 12 11
11 183 1 24 11 11
11 183 2 24 10 11
11 183 3 24 9 11
11 183 4 24 8 11
11 183 5 24 7 11
11 183 6 23 12 11
11 183 7 23 11 11
11 183 8 23 10 11
11 183 9 23 9 11
11 183 10 23 8 11
11 183 11 23 7 11
11 183 12 22 12 11
11 183 13 22 11 11
11 183 14 22 10 11
11 183 15 22 9 11
11 183 16 22 8 11
11 183 17 22 7 11
11 183 18 21 12 11
11 183 19 21 11 11
11 183 20 21 10 11
11 183 21 21 9 11
11 183 22 21 8 11
11 183 23 21 7 11
11 183 24 20 12 11
11 183 25 20 11 11
11 183 26 20 10 11
11 183 27 20 9 11
11 183 28 20 8 11
11 183 29 20 7 11
11 183 30 19 12 11
11 183 31 19 11 11
11 183 32 19 10 11
11 183 33 19 9 11
11 183 34 19 8 11
11 183 35 19 7 11
11 184 0 24 6 11
11 184 1 24 5 11
11 184 2 24 4 11
11 184 3 24 3 11
11 184 4 24 2 11
11 184 5 24 1 11
11 184 6 23 6 11
11 184 7 23 5 11
11 184 8 23 4 11
11 184 9 23 3 11
11 184 10 23 2 11
11 184 11 23 1 11
11 184 12 22 6 11
11 184 13 22 5 11
11 184 14 22 4 11
11 184 15 22 3 11
11 184 16 22 2 11
11 184 17 22 1 11
11 184 18 21 6 11
11 184 19 21 5 11
11 184 20 21 4 11
11 184 21 21 3 11
11 184 22 21 2 11
11 184 23 21 1 11
11 184 24 20 6 11
11 184 25 20 5 11
11 184 26 20 4 11
11 184 27 20 3 11
11 184 28 20 2 11
11 184 29 20 1 11
11 184 30 19 6 11
11 184 31 19 5 11
11 184 32 19 4 11
11 184 33 19 3 11
11 184 34 19 2 11
11 184 35 19 1 11
12 185 0 6 19 12
12 185 1 6 20 12
12 185 2 6 21 12
12 185 3 6 22 12
12 185 4 6 23 12
12 185 5 6 24 12
12 185 6 5 19 12
12 185 7 5 20 12
12 185 8 5 21 12
12 185 9 5 22 12
12 185 10 5 23 12
12 185 11 5 24 12
12 185 12 4 19 12
12 185 13 4 20 12
12 185 14 4 21 12
12 185 15 4 22 12
12 185 16 4 23 12
12 185 17 4 24 12
12 185 18 3 19 12
12 185 19 3 20 12
12 185 20 3 21 12
12 185 21 3 22 12
12 185 22 3 23 12
12 185 23 3 24 12
12 185 24 2 19 12
12 185 25 2 20 12
12 185 26 2 21 12
12 185 27 2 22 12
12 185 28 2 23 12
12 185 29 2 24 12
12 185 30 1 19 12
12 185 31 1 20 12
12 185 32 1 21 12
12 185 33 1 22 12
12 185 34 1 23 12
12 185 35 1 24 12
12 186 0 6 13 12
12 186 1 6 14 12
12 186 2 6 15 12
12 186 3 6 16 12
12 186 4 6 17 12
12 186 5 6 18 12
12 186 6 5 13 12
12 186 7 5 14 12
12 186 8 5 15 12
12 186 9 5 16 12
12 186 10 5 17 12
12 186 11 5 18 12
12 186 12 4 13 12
12 186 13 4 14 12
12 186 14 4 15 12
12 186 15 4 16 12
12 186 16 4 17 12
12 186 17 4 18 12
12 186 18 3 13 12
12 186 19 3 14 12
12 186 20 3 15 12
12 186 21 3 16 12
12 186 22 3 17 12
12 186 23 3 18 12
12 186 24 2 13 12
12 186 25 2 14 12
12 186 26 2 15 12
12 186 27 2 16 12
12 186 28 2 17 12
12 186 29 2 18 12
12 186 30 1 13 12
12 186 31 1 14 12
12 186 32 1 15 12
12 186 33 1 16 12
12 186 34 1 17 12
12 186 35 1 18 12
12 187 0 12 24 12
12 187 1 12 23 12
12 187 2 12 22 12
12 187 3 12 21 12
12 187 4 12 20 12
12 187 5 12 19 12
12 187 6 11 24 12
12 187 7 11 23 12
12 187 8 11 22 12
12 187 9 11 21 12
12 187 10 11 20 12
12 187 11 11 19 12
12 187 12 10 24 12
12 187 13 10 23 12
12 187 14 10 22 12
12 187 15 10 21 12
12 187 16 10 20 12
12 187 17 10 19 12
12 187 18 9 24 12
12 187 19 9 23 12
12 187 20 9 22 12
12 187 21 9 21 12
12 187 22 9 20 12
12 187 23 9 19 12
12 187 24 8 24 12
12 187 25 8 23 12
12 187 26 8 22 12
12 187 27 8 21 12
12 187 28 8 20 12
12 187 29 8 19 12
12 187 30 7 24 12
12 187 31 7 23 12
12 187 32 7 22 12
12 187 33 7 21 12
12 187 34 7 20 12
12 187 35 7 19 12
12 188 0 12 18 12
12 188 1 12 17 12
12 188 2 12 16 12
12 188 3 12 15 12
12 188 4 12 14 12
12 188 5 12 13 12
12 188 6 11 18 12
12 188 7 11 17 12
12 188 8 11 16 12
12 188 9 11 15 12
12 188 10 11 14 12
12 188 11 11 13 12
12 188 12 10 18 12
12 188 13 10 17 12
12 188 14 10 16 12
12 188 15 10 15 12
12 188 16 10 14 12
12 188 17 10 13 12
12 188 18 9 18 12
12 188 19 9 17 12
12 188 20 9 16 12
12 188 21 9 15 12
12 188 22 9 14 12
12 188 23 9 13 12
12 188 24 8 18 12
12 188 25 8 17 12
12 188 26 8 16 12
12 188 27 8 15 12
12 188 28 8 14 12
12 188 29 8 13 12
12 188 30 7 18 12
12 188 31 7 17 12
12 188 32 7 16 12
12 188 33 7 15 12
12 188 34 7 14 12
12 188 35 7 13 12
12 189 0 6 7 12
12 189 1 6 8 12
12 189 2 6 9 12
12 189 3 6 10 12
12 189 4 6 11 12
12 189 5 6 12 12
12 189 6 5 7 12
12 189 7 5 8 12
12 189 8 5 9 12
12 189 9 5 10 12
12 189 10 5 11 12
12 189 11 5 12 12
12 189 12 4 7 12
12 189 13 4 8 12
12 189 14 4 9 12
12 189 15 4 10 12
12 189 16 4 11 12
12 189 17 4 12 12
12 189 18 3 7 12
12 189 19 3 8 12
12 189 20 3 9 12
12 189 21 3 10 12
12 189 22 3 11 12
12 189 23 3 12 12
12 189 24 2 7 12
12 189 25 2 8 12
12 189 26 2 9 12
12 189 27 2 10 12
12 189 28 2 11 12
12 189 29 2 12 12
12 189 30 1 7 12
12 189 31 1 8 12
12 189 32 1 9 12
12 189 33 1 10 12
12 189 34 1 11 12
12 189 35 1 12 12
12 190 0 6 1 12
12 190 1 6 2 12
12 190 2 6 3 12
12 190 3 6 4 12
12 190 4 6 5 12
12 190 5 6 6 12
12 190 6 5 1 12
12 190 7 5 2 12
12 190 8 5 3 12
12 190 9 5 4 12
12 190 10 5 5 12
12 190 11 5 6 12
12 190 12 4 1 12
12 190 13 4 2 12
12 190 14 4 3 12
12 190 15 4 4 12
12 190 16 4 5 12
12 190 17 4 6 12
12 190 18 3 1 12
12 190 19 3 2 12
12 190 20 3 3 12
12 190 21 3 4 12
12 190 22 3 5 12
12 190 23 3 6 12
12 190 24 2 1 12
12 190 25 2 2 12
12 190 26 2 3 12
12 190 27 2 4 12
12 190 28 2 5 12
12 190 29 2 6 12
12 190 30 1 1 12
12 190 31 1 2 12
12 190 32 1 3 12
12 190 33 1 4 12
12 190 34 1 5 12
12 190 35 1 6 12
12 191 0 12 12 12
12 191 1 12 11 12
12 191 2 12 10 12
12 191 3 12 9 12
12 191 4 12 8 12
12 191 5 12 7 12
12 191 6 11 12 12
12 191 7 11 11 12
12 191 8 11 10 12
12 191 9 11 9 12
12 191 10 11 8 12
12 191 11 11 7 12
12 191 12 10 12 12
12 191 13 10 11 12
12 191 14 10 10 12
12 191 15 10 9 12
12 191 16 10 8 12
12 191 17 10 7 12
12 191 18 9 12 12
12 191 19 9 11 12
12 191 20 9 10 12
12 191 21 9 9 12
12 191 22 9 8 12
12 191 23 9 7 12
12 191 24 8 12 12
12 191 25 8 11 12
12 191 26 8 10 12
12 191 27 8 9 12
12 191 28 8 8 12
12 191 29 8 7 12
12 191 30 7 12 12
12 191 31 7 11 12
12 191 32 7 10 12
12 191 33 7 9 12
12 191 34 7 8 12
12 191 35 7 7 12
12 192 0 12 6 12
12 192 1 12 5 12
12 192 2 12 4 12
12 192 3 12 3 12
12 192 4 12 2 12
12 192 5 12 1 12
12 192 6 11 6 12
12 192 7 11 5 12
12 192 8 11 4 12
12 192 9 11 3 12
12 192 10 11 2 12
12 192 11 11 1 12
12 192 12 10 6 12
12 192 13 10 5 12
12 192 14 10 4 12
12 192 15 10 3 12
12 192 16 10 2 12
12 192 17 10 1 12
12 192 18 9 6 12
12 192 19 9 5 12
12 192 20 9 4 12
12 192 21 9 3 12
12 192 22 9 2 12
12 192 23 9 1 12
12 192 24 8 6 12
12 192 25 8 5 12
12 192 26 8 4 12
12 192 27 8 3 12
12 192 28 8 2 12
12 192 29 8 1 12
12 192 30 7 6 12
12 192 31 7 5 12
12 192 32 7 4 12
12 192 33 7 3 12
12 192 34 7 2 12
12 192 35 7 1 12
12 193 0 18 19 12
12 193 1 18 20 12
12 193 2 18 21 12
12 193 3 18 22 12
12 193 4 18 23 12
12 193 5 18 24 12
12 193 6 17 19 12
12 193 7 17 20 12
12 193 8 17 21 12
12 193 9 17 22 12
12 193 10 17 23 12
12 193 11 17 24 12
12 193 12 16 19 12
12 193 13 16 20 12
12 193 14 16 21 12
12 193 15 16 22 12
12 193 16 16 23 12
12 193 17 16 24 12
12 193 18 15 19 12
12 193 19 15 20 12
12 193 20 15 21 12
12 193 21 15 22 12
12 193 22 15 23 12
12 193 23 15 24 12
12 193 24 14 19 12
12 193 25 14 20 12
12 193 26 14 21 12
12 193 27 14 22 12
12 193 28 14 23 12
12 193 29 14 24 12
12 193 30 13 19 12
12 193 31 13 20 12
12 193 32 13 21 12
12 193 33 13 22 12
12 193 34 13 23 12
12 193 35 13 24 12
12 194 0 18 13 12
12 194 1 18 14 12
12 194 2 18 15 12
12 194 3 18 16 12
12 194 4 18 17 12
12 194 5 18 18 12
12 194 6 17 13 12
12 194 7 17 14 12
12 194 8 17 15 12
12 194 9 17 16 12
12 194 10 17 17 12
12 194 11 17 18 12
12 194 12 16 13 12
12 194 13 16 14 12
12 194 14 16 15 12
12 194 15 16 16 12
12 194 16 16 17 12
12 194 17 16 18 12
12 194 18 15 13 12
12 194 19 15 14 12
12 194 20 15 15 12
12 194 21 15 16 12
12 194 22 15 17 12
12 194 23 15 18 12
12 194 24 14 13 12
12 194 25 14 14 12
12 194 26 14 15 12
12 194 27 14 16 12
12 194 28 14 17 12
12 194 29 14 18 12
12 194 30 13 13 12
12 194 31 13 14 12
12 194 32 13 15 12
12 194 33 13 16 12
12 194 34 13 17 12
12 194 35 13 18 12
12 195 0 24 24 12
12 195 1 24 23 12
12 195 2 24 22 12
12 195 3 24 21 12
12 195 4 24 20 12
12 195 5 24 19 12
12 195 6 23 24 12
12 195 7 23 23 12
12 195 8 23 22 12
12 195 9 23 21 12
12 195 10 23 20 12
12 195 11 23 19 12
12 195 12 22 24 12
12 195 13 22 23 12
12 195 14 22 22 12
12 195 15 22 21 12
12 195 16 22 20 12
12 195 17 22 19 12
12 195 18 21 24 12
12 195 19 21 23 12
12 195 20 21 22 12
12 195 21 21 21 12
12 195 22 21 20 12
12 195 23 21 19 12
12 195 24 20 24 12
12 195 25 20 23 12
12 195 26 20 22 12
12 195 27 20 21 12
12 195 28 20 20 12
12 195 29 20 19 12
12 195 30 19 24 12
12 195 31 19 23 12
12 195 32 19 22 12
12 195 33 19 21 12
12 195 34 19 20 12
12 195 35 19 19 12
12 196 0 24 18 12
12 196 1 24 17 12
12 196 2 24 16 12
12 196 3 24 15 12
12 196 4 24 14 12
12 196 5 24 13 12
12 196 6 23 18 12
12 196 7 23 17 12
12 196 8 23 16 12
12 196 9 23 15 12
12 196 10 23 14 12
12 196 11 23 13 12
12 196 12 22 18 12
12 196 13 22 17 12
12 196 14 22 16 12
12 196 15 22 15 12
12 196 16 22 14 12
12 196 17 22 13 12
12 196 18 21 18 12
12 196 19 21 17 12
12 196 20 21 16 12
12 196 21 21 15 12
12 196 22 21 14 12
12 196 23 21 13 12
12 196 24 20 18 12
12 196 25 20 17 12
12 196 26 20 16 12
12 196 27 20 15 12
12 196 28 20 14 12
12 196 29 20 13 12
12 196 30 19 18 12
12 196 31 19 17 12
12 196 32 19 16 12
12 196 33 19 15 12
12 196 34 19 14 12
12 196 35 19 13 12
12 197 0 18 7 12
12 197 1 18 8 12
12 197 2 18 9 12
12 197 3 18 10 12
12 197 4 18 11 12
12 197 5 18 12 12
12 197 6 17 7 12
12 197 7 17 8 12
12 197 8 17 9 12
12 197 9 17 10 12
12 197 10 17 11 12
12 197 11 17 12 12
12 197 12 16 7 12
12 197 13 16 8 12
12 197 14 16 9 12
12 197 15 16 10 12
12 197 16 16 11 12
12 197 17 16 12 12
12 197 18 15 7 12
12 197 19 15 8 12
12 197 20 15 9 12
12 197 21 15 10 12
12 197 22 15 11 12
12 197 23 15 12 12
12 197 24 14 7 12
12 197 25 14 8 12
12 197 26 14 9 12
12 197 27 14 10 12
12 197 28 14 11 12
12 197 29 14 12 12
12 197 30 13 7 12
12 197 31 13 8 12
12 197 32 13 9 12
12 197 33 13 10 12
12 197 34 13 11 12
12 197 35 13 12 12
12 198 0 18 1 12
12 198 1 18 2 12
12 198 2 18 3 12
12 198 3 18 4 12
12 198 4 18 5 12
12 198 5 18 6 12
12 198 6 17 1 12
12 198 7 17 2 12
12 198 8 17 3 12
12 198 9 17 4 12
12 198 10 17 5 12
12 198 11 17 6 12
12 198 12 16 1 12
12 198 13 16 2 12
12 198 14 16 3 12
12 198 15 16 4 12
12 198 16 16 5 12
12 198 17 16 6 12
12 198 18 15 1 12
12 198 19 15 2 12
12 198 20 15 3 12
12 198 21 15 4 12
12 198 22 15 5 12
12 198 23 15 6 12
12 198 24 14 1 12
12 198 25 14 2 12
12 198 26 14 3 12
12 198 27 14 4 12
12 198 28 14 5 12
12 198 29 14 6 12
12 198 30 13 1 12
12 198 31 13 2 12
12 198 32 13 3 12
12 198 33 13 4 12
12 198 34 13 5 12
12 198 35 13 6 12
12 199 0 24 12 12
12 199 1 24 11 12
12 199 2 24 10 12
12 199 3 24 9 12
12 199 4 24 8 12
12 199 5 24 7 12
12 199 6 23 12 12
12 199 7 23 11 12
12 199 8 23 10 12
12 199 9 23 9 12
12 199 10 23 8 12
12 199 11 23 7 12
12 199 12 22 12 12
12 199 13 22 11 12
12 199 14 22 10 12
12 199 15 22 9 12
12 199 16 22 8 12
12 199 17 22 7 12
12 199 18 21 12 12
12 199 19 21 11 12
12 199 20 21 10 12
12 199 21 21 9 12
12 199 22 21 8 12
12 199 23 21 7 12
12 199 24 20 12 12
12 199 25 20 11 12
12 199 26 20 10 12
12 199 27 20 9 12
12 199 28 20 8 12
12 199 29 20 7 12
12 199 30 19 12 12
12 199 31 19 11 12
12 199 32 19 10 12
12 199 33 19 9 12
12 199 34 19 8 12
12 199 35 19 7 12
12 200 0 24 6 12
12 200 1 24 5 12
12 200 2 24 4 12
12 200 3 24 3 12
12 200 4 24 2 12
12 200 5 24 1 12
12 200 6 23 6 12
12 200 7 23 5 12
12 200 8 23 4 12
12 200 9 23 3 12
12 200 10 23 2 12
12 200 11 23 1 12
12 200 12 22 6 12
12 200 13 22 5 12
12 200 14 22 4 12
12 200 15 22 3 12
12 200 16 22 2 12
12 200 17 22 1 12
12 200 18 21 6 12
12 200 19 21 5 12
12 200 20 21 4 12
12 200 21 21 3 12
12 200 22 21 2 12
12 200 23 21 1 12
12 200 24 20 6 12
12 200 25 20 5 12
12 200 26 20 4 12
12 200 27 20 3 12
12 200 28 20 2 12
12 200 29 20 1 12
12 200 30 19 6 12
12 200 31 19 5 12
12 200 32 19 4 12
12 200 33 19 3 12
12 200 34 19 2 12
12 200 35 19 1 12
13 201 0 6 19 13
13 201 1 6 20 13
13 201 2 6 21 13
13 201 3 6 22 13
13 201 4 6 23 13
13 201 5 6 24 13
13 201 6 5 19 13
13 201 7 5 20 13
13 201 8 5 21 13
13 201 9 5 22 13
13 201 10 5 23 13
13 201 11 5 24 13
13 201 12 4 19 13
13 201 13 4 20 13
13 201 14 4 21 13
13 201 15 4 22 13
13 201 16 4 23 13
13 201 17 4 24 13
13 201 18 3 19 13
13 201 19 3 20 13
13 201 20 3 21 13
13 201 21 3 22 13
13 201 22 3 23 13
13 201 23 3 24 13
13 201 24 2 19 13
13 201 25 2 20 13
13 201 26 2 21 13
13 201 27 2 22 13
13 201 28 2 23 13
13 201 29 2 24 13
13 201 30 1 19 13
13 201 31 1 20 13
13 201 32 1 21 13
13 201 33 1 22 13
13 201 34 1 23 13
13 201 35 1 24 13
13 202 0 6 13 13
13 202 1 6 14 13
13 202 2 6 15 13
13 202 3 6 16 13
13 202 4 6 17 13
13 202 5 6 18 13
13 202 6 5 13 13
13 202 7 5 14 13
13 202 8 5 15 13
13 202 9 5 16 13
13 202 10 5 17 13
13 202 11 5 18 13
13 202 12 4 13 13
13 202 13 4 14 13
13 202 14 4 15 13
13 202 15 4 16 13
13 202 16 4 17 13
13 202 17 4 18 13
13 202 18 3 13 13
13 202 19 3 14 13
13 202 20 3 15 13
13 202 21 3 16 13
13 202 22 3 17 13
13 202 23 3 18 13
13 202 24 2 13 13
13 202 25 2 14 13
13 202 26 2 15 13
13 202 27 2 16 13
13 202 28 2 17 13
13 202 29 2 18 13
13 202 30 1 13 13
13 202 31 1 14 13
13 202 32 1 15 13
13 202 33 1 16 13
13 202 34 1 17 13
13 202 35 1 18 13
13 203 0 12 24 13
13 203 1 12 23 13
13 203 2 12 22 13
13 203 3 12 21 13
13 203 4 12 20 13
13 203 5 12 19 13
13 203 6 11 24 13
13 203 7 11 23 13
13 203 8 11 22 13
13 203 9 11 21 13
13 203 10 11 20 13
13 203 11 11 19 13
13 203 12 10 24 13
13 203 13 10 23 13
13 203 14 10 22 13
13 203 15 10 21 13
13 203 16 10 20 13
13 203 17 10 19 13
13 203 18 9 24 13
13 203 19 9 23 13
13 203 20 9 22 13
13 203 21 9 21 13
13 203 22 9 20 13
13 203 23 9 19 13
13 203 24 8 24 13
13 203 25 8 23 13
13 203 26 8 22 13
13 203 27 8 21 13
13 203 28 8 20 13
13 203 29 8 19 13
13 203 30 7 24 13
13 203 31 7 23 13
13 203 32 7 22 13
13 203 33 7 21 13
13 203 34 7 20 13
13 203 35 7 19 13
13 204 0 12 18 13
13 204 1 12 17 13
13 204 2 12 16 13
13 204 3 12 15 13
13 204 4 12 14 13
13 204 5 12 13 13
13 204 6 11 18 13
13 204 7 11 17 13
13 204 8 11 16 13
13 204 9 11 15 13
13 204 10 11 14 13
13 204 11 11 13 13
13 204 12 10 18 13
13 204 13 10 17 13
13 204 14 10 16 13
13 204 15 10 15 13
13 204 16 10 14 13
13 204 17 10 13 13
13 204 18 9 18 13
13 204 19 9 17 13
13 204 20 9 16 13
13 204 21 9 15 13
13 204 22 9 14 13
13 204 23 9 13 13
13 204 24 8 18 13
13 204 25 8 17 13
13 204 26 8 16 13
13 204 27 8 15 13
13 204 28 8 14 13
13 204 29 8 13 13
13 204 30 7 18 13
13 204 31 7 17 13
13 204 32 7 16 13
13 204 33 7 15 13
13 204 34 7 14 13
13 204 35 7 13 13
13 205 0 6 7 13
13 205 1 6 8 13
13 205 2 6 9 13
13 205 3 6 10 13
13 205 4 6 11 13
13 205 5 6 12 13
13 205 6 5 7 13
13 205 7 5 8 13
13 205 8 5 9 13
13 205 9 5 10 13
13 205 10 5 11 13
13 205 11 5 12 13
13 205 12 4 7 13
13 205 13 4 8 13
13 205 14 4 9 13
13 205 15 4 10 13
13 205 16 4 11 13
13 205 17 4 12 13
13 205 18 3 7 13
13 205 19 3 8 13
13 205 20 3 9 13
13 205 21 3 10 13
13 205 22 3 11 13
13 205 23 3 12 13
13 205 24 2 7 13
13 205 25 2 8 13
13 205 26 2 9 13
13 205 27 2 10 13
13 205 28 2 11 13
13 205 29 2 12 13
13 205 30 1 7 13
13 205 31 1 8 13
13 205 32 1 9 13
13 205 33 1 10 13
13 205 34 1 11 13
13 205 35 1 12 13
13 206 0 6 1 13
13 206 1 6 2 13
13 206 2 6 3 13
13 206 3 6 4 13
13 206 4 6 5 13
13 206 5 6 6 13
13 206 6 5 1 13
13 206 7 5 2 13
13 206 8 5 3 13
13 206 9 5 4 13
13 206 10 5 5 13
13 206 11 5 6 13
13 206 12 4 1 13
13 206 13 4 2 13
13 206 14 4 3 13
13 206 15 4 4 13
13 206 16 4 5 13
13 206 17 4 6 13
13 206 18 3 1 13
13 206 19 3 2 13
13 206 20 3 3 13
13 206 21 3 4 13
13 206 22 3 5 13
13 206 23 3 6 13
13 206 24 2 1 13
13 206 25 2 2 13
13 206 26 2 3 13
13 206 27 2 4 13
13 206 28 2 5 13
13 206 29 2 6 13
13 206 30 1 1 13
13 206 31 1 2 13
13 206 32 1 3 13
13 206 33 1 4 13
13 206 34 1 5 13
13 206 35 1 6 13
13 207 0 12 12 13
13 207 1 12 11 13
13 207 2 12 10 13
13 207 3 12 9 13
13 207 4 12 8 13
13 207 5 12 7 13
13 207 6 11 12 13
13 207 7 11 11 13
13 207 8 11 10 13
13 207 9 11 9 13
13 207 10 11 8 13
13 207 11 11 7 13
13 207 12 10 12 13
13 207 13 10 11 13
13 207 14 10 10 13
13 207 15 10 9 13
13 207 16 10 8 13
13 207 17 10 7 13
13 207 18 9 12 13
13 207 19 9 11 13
13 207 20 9 10 13
13 207 21 9 9 13
13 207 22 9 8 13
13 207 23 9 7 13
13 207 24 8 12 13
13 207 25 8 11 13
13 207 26 8 10 13
13 207 27 8 9 13
13 207 28 8 8 13
13 207 29 8 7 13
13 207 30 7 12 13
13 207 31 7 11 13
13 207 32 7 10 13
13 207 33 7 9 13
13 207 34 7 8 13
13 207 35 7 7 13
13 208 0 12 6 13
13 208 1 12 5 13
13 208 2 12 4 13
13 208 3 12 3 13
13 208 4 12 2 13
13 208 5 12 1 13
13 208 6 11 6 13
13 208 7 11 5 13
13 208 8 11 4 13
13 208 9 11 3 13
13 208 10 11 2 13
13 208 11 11 1 13
13 208 12 10 6 13
13 208 13 10 5 13
13 208 14 10 4 13
13 208 15 10 3 13
13 208 16 10 2 13
13 208 17 10 1 13
13 208 18 9 6 13
13 208 19 9 5 13
13 208 20 9 4 13
13 208 21 9 3 13
13 208 22 9 2 13
13 208 23 9 1 13
13 208 24 8 6 13
13 208 25 8 5 13
13 208 26 8 4 13
13 208 27 8 3 13
13 208 28 8 2 13
13 208 29 8 1 13
13 208 30 7 6 13
13 208 31 7 5 13
13 208 32 7 4 13
13 208 33 7 3 13
13 208 34 7 2 13
13 208 35 7 1 13
13 209 0 18 19 13
13 209 1 18 20 13
13 209 2 18 21 13
13 209 3 18 22 13
13 209 4 18 23 13
13 209 5 18 24 13
13 209 6 17 19 13
13 209 7 17 20 13
13 209 8 17 21 13
13 209 9 17 22 13
13 209 10 17 23 13
13 209 11 17 24 13
13 209 12 16 19 13
13 209 13 16 20 13
13 209 14 16 21 13
13 209 15 16 22 13
13 209 16 16 23 13
13 209 17 16 24 13
13 209 18 15 19 13
13 209 19 15 20 13
13 209 20 15 21 13
13 209 21 15 22 13
13 209 22 15 23 13
13 209 23 15 24 13
13 209 24 14 19 13
13 209 25 14 20 13
13 209 26 14 21 13
13 209 27 14 22 13
13 209 28 14 23 13
13 209 29 14 24 13
13 209 30 13 19 13
13 209 31 13 20 13
13 209 32 13 21 13
13 209 33 13 22 13
13 209 34 13 23 13
13 209 35 13 24 13
13 210 0 18 13 13
13 210 1 18 14 13
13 210 2 18 15 13
13 210 3 18 16 13
13 210 4 18 17 13
13 210 5 18 18 13
13 210 6 17 13 13
13 210 7 17 14 13
13 210 8 17 15 13
13 210 9 17 16 13
13 210 10 17 17 13
13 210 11 17 18 13
13 210 12 16 13 13
13 210 13 16 14 13
13 210 14 16 15 13
13 210 15 16 16 13
13 210 16 16 17 13
13 210 17 16 18 13
13 210 18 15 13 13
13 210 19 15 14 13
13 210 20 15 15 13
13 210 21 15 16 13
13 210 22 15 17 13
13 210 23 15 18 13
13 210 24 14 13 13
13 210 25 14 14 13
13 210 26 14 15 13
13 210 27 14 16 13
13 210 28 14 17 13
13 210 29 14 18 13
13 210 30 13 13 13
13 210 31 13 14 13
13 210 32 13 15 13
13 210 33 13 16 13
13 210 34 13 17 13
13 210 35 13 18 13
13 211 0 24 24 13
13 211 1 24 23 13
13 211 2 24 22 13
13 211 3 24 21 13
13 211 4 24 20 13
13 211 5 24 19 13
13 211 6 23 24 13
13 211 7 23 23 13
13 211 8 23 22 13
13 211 9 23 21 13
13 211 10 23 20 13
13 211 11 23 19 13
13 211 12 22 24 13
13 211 13 22 23 13
13 211 14 22 22 13
13 211 15 22 21 13
13 211 16 22 20 13
13 211 17 22 19 13
13 211 18 21 24 13
13 211 19 21 23 13
13 211 20 21 22 13
13 211 21 21 21 13
13 211 22 21 20 13
13 211 23 21 19 13
13 211 24 20 24 13
13 211 25 20 23 13
13 211 26 20 22 13
13 211 27 20 21 13
13 211 28 20 20 13
13 211 29 20 19 13
13 211 30 19 24 13
13 211 31 19 23 13
13 211 32 19 22 13
13 211 33 19 21 13
13 211 34 19 20 13
13 211 35 19 19 13
13 212 0 24 18 13
13 212 1 24 17 13
13 212 2 24 16 13
13 212 3 24 15 13
13 212 4 24 14 13
13 212 5 24 13 13
13 212 6 23 18 13
13 212 7 23 17 13
13 212 8 23 16 13
13 212 9 23 15 13
13 212 10 23 14 13
13 212 11 23 13 13
13 212 12 22 18 13
13 212 13 22 17 13
13 212 14 22 16 13
13 212 15 22 15 13
13 212 16 22 14 13
13 212 17 22 13 13
13 212 18 21 18 13
13 212 19 21 17 13
13 212 20 21 16 13
13 212 21 21 15 13
13 212 22 21 14 13
13 212 23 21 13 13
13 212 24 20 18 13
13 212 25 20 17 13
13 212 26 20 16 13
13 212 27 20 15 13
13 212 28 20 14 13
13 212 29 20 13 13
13 212 30 19 18 13
13 212 31 19 17 13
13 212 32 19 16 13
13 212 33 19 15 13
13 212 34 19 14 13
13 212 35 19 13 13
13 213 0 18 7 13
13 213 1 18 8 13
13 213 2 18 9 13
13 213 3 18 10 13
13 213 4 18 11 13
13 213 5 18 12 13
13 213 6 17 7 13
13 213 7 17 8 13
13 213 8 17 9 13
13 213 9 17 10 13
13 213 10 17 11 13
13 213 11 17 12 13
13 213 12 16 7 13
13 213 13 16 8 13
13 213 14 16 9 13
13 213 15 16 10 13
13 213 16 16 11 13
13 213 17 16 12 13
13 213 18 15 7 13
13 213 19 15 8 13
13 213 20 15 9 13
13 213 21 15 10 13
13 213 22 15 11 13
13 213 23 15 12 13
13 213 24 14 7 13
13 213 25 14 8 13
13 213 26 14 9 13
13 213 27 14 10 13
13 213 28 14 11 13
13 213 29 14 12 13
13 213 30 13 7 13
13 213 31 13 8 13
13 213 32 13 9 13
13 213 33 13 10 13
13 213 34 13 11 13
13 213 35 13 12 13
13 214 0 18 1 13
13 214 1 18 2 13
13 214 2 18 3 13
13 214 3 18 4 13
13 214 4 18 5 13
13 214 5 18 6 13
13 214 6 17 1 13
13 214 7 17 2 13
13 214 8 17 3 13
13 214 9 17 4 13
13 214 10 17 5 13
13 214 11 17 6 13
13 214 12 16 1 13
13 214 13 16 2 13
13 214 14 16 3 13
13 214 15 16 4 13
13 214 16 16 5 13
13 214 17 16 6 13
13 214 18 15 1 13
13 214 19 15 2 13
13 214 20 15 3 13
13 214 21 15 4 13
13 214 22 15 5 13
13 214 23 15 6 13
13 214 24 14 1 13
13 214 25 14 2 13
13 214 26 14 3 13
13 214 27 14 4 13
13 214 28 14 5 13
13 214 29 14 6 13
13 214 30 13 1 13
13 214 31 13 2 13
13 214 32 13 3 13
13 214 33 13 4 13
13 214 34 13 5 13
13 214 35 13 6 13
13 215 0 24 12 13
13 215 1 24 11 13
13 215 2 24 10 13
13 215 3 24 9 13
13 215 4 24 8 13
13 215 5 24 7 13
13 215 6 23 12 13
13 215 7 23 11 13
13 215 8 23 10 13
13 215 9 23 9 13
13 215 10 23 8 13
13 215 11 23 7 13
13 215 12 22 12 13
13 215 13 22 11 13
13 215 14 22 10 13
13 215 15 22 9 13
13 215 16 22 8 13
13 215 17 22 7 13
13 215 18 21 12 13
13 215 19 21 11 13
13 215 20 21 10 13
13 215 21 21 9 13
13 215 22 21 8 13
13 215 23 21 7 13
13 215 24 20 12 13
13 215 25 20 11 13
13 215 26 20 10 13
13 215 27 20 9 13
13 215 28 20 8 13
13 215 29 20 7 13
13 215 30 19 12 13
13 215 31 19 11 13
13 215 32 19 10 13
13 215 33 19 9 13
13 215 34 19 8 13
13 215 35 19 7 13
13 216 0 24 6 13
13 216 1 24 5 13
13 216 2 24 4 13
13 216 3 24 3 13
13 216 4 24 2 13
13 216 5 24 1 13
13 216 6 23 6 13
13 216 7 23 5 13
13 216 8 23 4 13
13 216 9 23 3 13
13 216 10 23 2 13
13 216 11 23 1 13
13 216 12 22 6 13
13 216 13 22 5 13
13 216 14 22 4 13
13 216 15 22 3 13
13 216 16 22 2 13
13 216 17 22 1 13
13 216 18 21 6 13
13 216 19 21 5 13
13 216 20 21 4 13
13 216 21 21 3 13
13 216 22 21 2 13
13 216 23 21 1 13
13 216 24 20 6 13
13 216 25 20 5 13
13 216 26 20 4 13
13 216 27 20 3 13
13 216 28 20 2 13
13 216 29 20 1 13
13 216 30 19 6 13
13 216 31 19 5 13
13 216 32 19 4 13
13 216 33 19 3 13
13 216 34 19 2 13
13 216 35 19 1 13
14 217 0 6 19 14
14 217 1 6 20 14
14 217 2 6 21 14
14 217 3 6 22 14
14 217 4 6 23 14
14 217 5 6 24 14
14 217 6 5 19 14
14 217 7 5 20 14
14 217 8 5 21 14
14 217 9 5 22 14
14 217 10 5 23 14
14 217 11 5 24 14
14 217 12 4 19 14
14 217 13 4 20 14
14 217 14 4 21 14
14 217 15 4 22 14
14 217 16 4 23 14
14 217 17 4 24 14
14 217 18 3 19 14
14 217 19 3 20 14
14 217 20 3 21 14
14 217 21 3 22 14
14 217 22 3 23 14
14 217 23 3 24 14
14 217 24 2 19 14
14 217 25 2 20 14
14 217 26 2 21 14
14 217 27 2 22 14
14 217 28 2 23 14
14 217 29 2 24 14
14 217 30 1 19 14
14 217 31 1 20 14
14 217 32 1 21 14
14 217 33 1 22 14
14 217 34 1 23 14
14 217 35 1 24 14
14 218 0 6 13 14
14 218 1 6 14 14
14 218 2 6 15 14
14 218 3 6 16 14
14 218 4 6 17 14
14 218 5 6 18 14
14 218 6 5 13 14
14 218 7 5 14 14
14 218 8 5 15 14
14 218 9 5 16 14
14 218 10 5 17 14
14 218 11 5 18 14
14 218 12 4 13 14
14 218 13 4 14 14
14 218 14 4 15 14
14 218 15 4 16 14
14 218 16 4 17 14
14 218 17 4 18 14
14 218 18 3 13 14
14 218 19 3 14 14
14 218 20 3 15 14
14 218 21 3 16 14
14 218 22 3 17 14
14 218 23 3 18 14
14 218 24 2 13 14
14 218 25 2 14 14
14 218 26 2 15 14
14 218 27 2 16 14
14 218 28 2 17 14
14 218 29 2 18 14
14 218 30 1 13 14
14 218 31 1 14 14
14 218 32 1 15 14
14 218 33 1 16 14
14 218 34 1 17 14
14 218 35 1 18 14
14 219 0 12 24 14
14 219 1 12 23 14
14 219 2 12 22 14
14 219 3 12 21 14
14 219 4 12 20 14
14 219 5 12 19 14
14 219 6 11 24 14
14 219 7 11 23 14
14 219 8 11 22 14
14 219 9 11 21 14
14 219 10 11 20 14
14 219 11 11 19 14
14 219 12 10 24 14
14 219 13 10 23 14
14 219 14 10 22 14
14 219 15 10 21 14
14 219 16 10 20 14
14 219 17 10 19 14
14 219 18 9 24 14
14 219 19 9 23 14
14 219 20 9 22 14
14 219 21 9 21 14
14 219 22 9 20 14
14 219 23 9 19 14
14 219 24 8 24 14
14 219 25 8 23 14
14 219 26 8 22 14
14 219 27 8 21 14
14 219 28 8 20 14
14 219 29 8 19 14
14 219 30 7 24 14
14 219 31 7 23 14
14 219 32 7 22 14
14 219 33 7 21 14
14 219 34 7 20 14
14 219 35 7 19 14
14 220 0 12 18 14
14 220 1 12 17 14
14 220 2 12 16 14
14 220 3 12 15 14
14 220 4 12 14 14
14 220 5 12 13 14
14 220 6 11 18 14
14 220 7 11 17 14
14 220 8 11 16 14
14 220 9 11 15 14
14 220 10 11 14 14
14 220 11 11 13 14
14 220 12 10 18 14
14 220 13 10 17 14
14 220 14 10 16 14
14 220 15 10 15 14
14 220 16 10 14 14
14 220 17 10 13 14
14 220 18 9 18 14
14 220 19 9 17 14
14 220 20 9 16 14
14 220 21 9 15 14
14 220 22 9 14 14
14 220 23 9 13 14
14 220 24 8 18 14
14 220 25 8 17 14
14 220 26 8 16 14
14 220 27 8 15 14
14 220 28 8 14 14
14 220 29 8 13 14
14 220 30 7 18 14
14 220 31 7 17 14
14 220 32 7 16 14
14 220 33 7 15 14
14 220 34 7 14 14
14 220 35 7 13 14
14 221 0 6 7 14
14 221 1 6 8 14
14 221 2 6 9 14
14 221 3 6 10 14
14 221 4 6 11 14
14 221 5 6 12 14
14 221 6 5 7 14
14 221 7 5 8 14
14 221 8 5 9 14
14 221 9 5 10 14
14 221 10 5 11 14
14 221 11 5 12 14
14 221 12 4 7 14
14 221 13 4 8 14
14 221 14 4 9 14
14 221 15 4 10 14
14 221 16 4 11 14
14 221 17 4 12 14
14 221 18 3 7 14
14 221 19 3 8 14
14 221 20 3 9 14
14 221 21 3 10 14
14 221 22 3 11 14
14 221 23 3 12 14
14 221 24 2 7 14
14 221 25 2 8 14
14 221 26 2 9 14
14 221 27 2 10 14
14 221 28 2 11 14
14 221 29 2 12 14
14 221 30 1 7 14
14 221 31 1 8 14
14 221 32 1 9 14
14 221 33 1 10 14
14 221 34 1 11 14
14 221 35 1 12 14
14 222 0 6 1 14
14 222 1 6 2 14
14 222 2 6 3 14
14 222 3 6 4 14
14 222 4 6 5 14
14 222 5 6 6 14
14 222 6 5 1 14
14 222 7 5 2 14
14 222 8 5 3 14
14 222 9 5 4 14
14 222 10 5 5 14
14 222 11 5 6 14
14 222 12 4 1 14
14 222 13 4 2 14
14 222 14 4 3 14
14 222 15 4 4 14
14 222 16 4 5 14
14 222 17 4 6 14
14 222 18 3 1 14
14 222 19 3 2 14
14 222 20 3 3 14
14 222 21 3 4 14
14 222 22 3 5 14
14 222 23 3 6 14
14 222 24 2 1 14
14 222 25 2 2 14
14 222 26 2 3 14
14 222 27 2 4 14
14 222 28 2 5 14
14 222 29 2 6 14
14 222 30 1 1 14
14 222 31 1 2 14
14 222 32 1 3 14
14 222 33 1 4 14
14 222 34 1 5 14
14 222 35 1 6 14
14 223 0 12 12 14
14 223 1 12 11 14
14 223 2 12 10 14
14 223 3 12 9 14
14 223 4 12 8 14
14 223 5 12 7 14
14 223 6 11 12 14
14 223 7 11 11 14
14 223 8 11 10 14
14 223 9 11 9 14
14 223 10 11 8 14
14 223 11 11 7 14
14 223 12 10 12 14
14 223 13 10 11 14
14 223 14 10 10 14
14 223 15 10 9 14
14 223 16 10 8 14
14 223 17 10 7 14
14 223 18 9 12 14
14 223 19 9 11 14
14 223 20 9 10 14
14 223 21 9 9 14
14 223 22 9 8 14
14 223 23 9 7 14
14 223 24 8 12 14
14 223 25 8 11 14
14 223 26 8 10 14
14 223 27 8 9 14
14 223 28 8 8 14
14 223 29 8 7 14
14 223 30 7 12 14
14 223 31 7 11 14
14 223 32 7 10 14
14 223 33 7 9 14
14 223 34 7 8 14
14 223 35 7 7 14
14 224 0 12 6 14
14 224 1 12 5 14
14 224 2 12 4 14
14 224 3 12 3 14
14 224 4 12 2 14
14 224 5 12 1 14
14 224 6 11 6 14
14 224 7 11 5 14
14 224 8 11 4 14
14 224 9 11 3 14
14 224 10 11 2 14
14 224 11 11 1 14
14 224 12 10 6 14
14 224 13 10 5 14
14 224 14 10 4 14
14 224 15 10 3 14
14 224 16 10 2 14
14 224 17 10 1 14
14 224 18 9 6 14
14 224 19 9 5 14
14 224 20 9 4 14
14 224 21 9 3 14
14 224 22 9 2 14
14 224 23 9 1 14
14 224 24 8 6 14
14 224 25 8 5 14
14 224 26 8 4 14
14 224 27 8 3 14
14 224 28 8 2 14
14 224 29 8 1 14
14 224 30 7 6 14
14 224 31 7 5 14
14 224 32 7 4 14
14 224 33 7 3 14
14 224 34 7 2 14
14 224 35 7 1 14
14 225 0 18 19 14
14 225 1 18 20 14
14 225 2 18 21 14
14 225 3 18 22 14
14 225 4 18 23 14
14 225 5 18 24 14
14 225 6 17 19 14
14 225 7 17 20 14
14 225 8 17 21 14
14 225 9 17 22 14
14 225 10 17 23 14
14 225 11 17 24 14
14 225 12 16 19 14
14 225 13 16 20 14
14 225 14 16 21 14
14 225 15 16 22 14
14 225 16 16 23 14
14 225 17 16 24 14
14 225 18 15 19 14
14 225 19 15 20 14
14 225 20 15 21 14
14 225 21 15 22 14
14 225 22 15 23 14
14 225 23 15 24 14
14 225 24 14 19 14
14 225 25 14 20 14
14 225 26 14 21 14
14 225 27 14 22 14
14 225 28 14 23 14
14 225 29 14 24 14
14 225 30 13 19 14
14 225 31 13 20 14
14 225 32 13 21 14
14 225 33 13 22 14
14 225 34 13 23 14
14 225 35 13 24 14
14 226 0 18 13 14
14 226 1 18 14 14
14 226 2 18 15 14
14 226 3 18 16 14
14 226 4 18 17 14
14 226 5 18 18 14
14 226 6 17 13 14
14 226 7 17 14 14
14 226 8 17 15 14
14 226 9 17 16 14
14 226 10 17 17 14
14 226 11 17 18 14
14 226 12 16 13 14
14 226 13 16 14 14
14 226 14 16 15 14
14 226 15 16 16 14
14 226 16 16 17 14
14 226 17 16 18 14
14 226 18 15 13 14
14 226 19 15 14 14
14 226 20 15 15 14
14 226 21 15 16 14
14 226 22 15 17 14
14 226 23 15 18 14
14 226 24 14 13 14
14 226 25 14 14 14
14 226 26 14 15 14
14 226 27 14 16 14
14 226 28 14 17 14
14 226 29 14 18 14
14 226 30 13 13 14
14 226 31 13 14 14
14 226 32 13 15 14
14 226 33 13 16 14
14 226 34 13 17 14
14 226 35 13 18 14
14 227 0 24 24 14
14 227 1 24 23 14
14 227 2 24 22 14
14 227 3 24 21 14
14 227 4 24 20 14
14 227 5 24 19 14
14 227 6 23 24 14
14 227 7 23 23 14
14 227 8 23 22 14
14 227 9 23 21 14
14 227 10 23 20 14
14 227 11 23 19 14
14 227 12 22 24 14
14 227 13 22 23 14
14 227 14 22 22 14
14 227 15 22 21 14
14 227 16 22 20 14
14 227 17 22 19 14
14 227 18 21 24 14
14 227 19 21 23 14
14 227 20 21 22 14
14 227 21 21 21 14
14 227 22 21 20 14
14 227 23 21 19 14
14 227 24 20 24 14
14 227 25 20 23 14
14 227 26 20 22 14
14 227 27 20 21 14
14 227 28 20 20 14
14 227 29 20 19 14
14 227 30 19 24 14
14 227 31 19 23 14
14 227 32 19 22 14
14 227 33 19 21 14
14 227 34 19 20 14
14 227 35 19 19 14
14 228 0 24 18 14
14 228 1 24 17 14
14 228 2 24 16 14
14 228 3 24 15 14
14 228 4 24 14 14
14 228 5 24 13 14
14 228 6 23 18 14
14 228 7 23 17 14
14 228 8 23 16 14
14 228 9 23 15 14
14 228 10 23 14 14
14 228 11 23 13 14
14 228 12 22 18 14
14 228 13 22 17 14
14 228 14 22 16 14
14 228 15 22 15 14
14 228 16 22 14 14
14 228 17 22 13 14
14 228 18 21 18 14
14 228 19 21 17 14
14 228 20 21 16 14
14 228 21 21 15 14
14 228 22 21 14 14
14 228 23 21 13 14
14 228 24 20 18 14
14 228 25 20 17 14
14 228 26 20 16 14
14 228 27 20 15 14
14 228 28 20 14 14
14 228 29 20 13 14
14 228 30 19 18 14
14 228 31 19 17 14
14 228 32 19 16 14
14 228 33 19 15 14
14 228 34 19 14 14
14 228 35 19 13 14
14 229 0 18 7 14
14 229 1 18 8 14
14 229 2 18 9 14
14 229 3 18 10 14
14 229 4 18 11 14
14 229 5 18 12 14
14 229 6 17 7 14
14 229 7 17 8 14
14 229 8 17 9 14
14 229 9 17 10 14
14 229 10 17 11 14
14 229 11 17 12 14
14 229 12 16 7 14
14 229 13 16 8 14
14 229 14 16 9 14
14 229 15 16 10 14
14 229 16 16 11 14
14 229 17 16 12 14
14 229 18 15 7 14
14 229 19 15 8 14
14 229 20 15 9 14
14 229 21 15 10 14
14 229 22 15 11 14
14 229 23 15 12 14
14 229 24 14 7 14
14 229 25 14 8 14
14 229 26 14 9 14
14 229 27 14 10 14
14 229 28 14 11 14
14 229 29 14 12 14
14 229 30 13 7 14
14 229 31 13 8 14
14 229 32 13 9 14
14 229 33 13 10 14
14 229 34 13 11 14
14 229 35 13 12 14
14 230 0 18 1 14
14 230 1 18 2 14
14 230 2 18 3 14
14 230 3 18 4 14
14 230 4 18 5 14
14 230 5 18 6 14
14 230 6 17 1 14
14 230 7 17 2 14
14 230 8 17 3 14
14 230 9 17 4 14
14 230 10 17 5 14
14 230 11 17 6 14
14 230 12 16 1 14
14 230 13 16 2 14
14 230 14 16 3 14
14 230 15 16 4 14
14 230 16 16 5 14
14 230 17 16 6 14
14 230 18 15 1 14
14 230 19 15 2 14
14 230 20 15 3 14
14 230 21 15 4 14
14 230 22 15 5 14
14 230 23 15 6 14
14 230 24 14 1 14
14 230 25 14 2 14
14 230 26 14 3 14
14 230 27 14 4 14
14 230 28 14 5 14
14 230 29 14 6 14
14 230 30 13 1 14
14 230 31 13 2 14
14 230 32 13 3 14
14 230 33 13 4 14
14 230 34 13 5 14
14 230 35 13 6 14
14 231 0 24 12 14
14 231 1 24 11 14
14 231 2 24 10 14
14 231 3 24 9 14
14 231 4 24 8 14
14 231 5 24 7 14
14 231 6 23 12 14
14 231 7 23 11 14
14 231 8 23 10 14
14 231 9 23 9 14
14 231 10 23 8 14
14 231 11 23 7 14
14 231 12 22 12 14
14 231 13 22 11 14
14 231 14 22 10 14
14 231 15 22 9 14
14 231 16 22 8 14
14 231 17 22 7 14
14 231 18 21 12 14
14 231 19 21 11 14
14 231 20 21 10 14
14 231 21 21 9 14
14 231 22 21 8 14
14 231 23 21 7 14
14 231 24 20 12 14
14 231 25 20 11 14
14 231 26 20 10 14
14 231 27 20 9 14
14 231 28 20 8 14
14 231 29 20 7 14
14 231 30 19 12 14
14 231 31 19 11 14
14 231 32 19 10 14
14 231 33 19 9 14
14 231 34 19 8 14
14 231 35 19 7 14
14 232 0 24 6 14
14 232 1 24 5 14
14 232 2 24 4 14
14 232 3 24 3 14
14 232 4 24 2 14
14 232 5 24 1 14
14 232 6 23 6 14
14 232 7 23 5 14
14 232 8 23 4 14
14 232 9 23 3 14
14 232 10 23 2 14
14 232 11 23 1 14
14 232 12 22 6 14
14 232 13 22 5 14
14 232 14 22 4 14
14 232 15 22 3 14
14 232 16 22 2 14
14 232 17 22 1 14
14 232 18 21 6 14
14 232 19 21 5 14
14 232 20 21 4 14
14 232 21 21 3 14
14 232 22 21 2 14
14 232 23 21 1 14
14 232 24 20 6 14
14 232 25 20 5 14
14 232 26 20 4 14
14 232 27 20 3 14
14 232 28 20 2 14
14 232 29 20 1 14
14 232 30 19 6 14
14 232 31 19 5 14
14 232 32 19 4 14
14 232 33 19 3 14
14 232 34 19 2 14
14 232 35 19 1 14
