#Layer Chip Chan I J K
1 129 0 0 0 1
1 129 1 25 3 1
1 129 2 24 3 1
1 129 3 23 3 1
1 129 4 22 3 1
1 129 5 21 3 1
1 129 6 20 3 1
1 129 7 19 3 1
1 129 8 27 3 1
1 129 9 28 3 1
1 129 10 29 3 1
1 129 11 30 3 1
1 129 12 31 3 1
1 129 13 32 3 1
1 129 14 33 3 1
1 129 15 34 3 1
1 129 16 35 3 1
1 129 17 36 3 1
1 129 18 36 4 1
1 129 19 35 4 1
1 129 20 34 4 1
1 129 21 33 4 1
1 129 22 32 4 1
1 129 23 31 4 1
1 129 24 30 4 1
1 129 25 29 4 1
1 129 26 28 4 1
1 129 27 27 4 1
1 129 28 19 4 1
1 129 29 20 4 1
1 129 30 21 4 1
1 129 31 22 4 1
1 129 32 23 4 1
1 129 33 24 4 1
1 129 34 25 4 1
1 129 35 26 4 1
1 130 0 11 4 1
1 130 1 12 4 1
1 130 2 13 4 1
1 130 3 14 4 1
1 130 4 15 4 1
1 130 5 16 4 1
1 130 6 17 4 1
1 130 7 18 4 1
1 130 8 10 4 1
1 130 9 9 4 1
1 130 10 8 4 1
1 130 11 7 4 1
1 130 12 6 4 1
1 130 13 5 4 1
1 130 14 4 4 1
1 130 15 3 4 1
1 130 16 2 4 1
1 130 17 1 4 1
1 130 18 1 3 1
1 130 19 2 3 1
1 130 20 3 3 1
1 130 21 4 3 1
1 130 22 5 3 1
1 130 23 6 3 1
1 130 24 7 3 1
1 130 25 8 3 1
1 130 26 9 3 1
1 130 27 10 3 1
1 130 28 18 3 1
1 130 29 17 3 1
1 130 30 16 3 1
1 130 31 15 3 1
1 130 32 14 3 1
1 130 33 13 3 1
1 130 34 12 3 1
1 130 35 11 3 1
1 131 0 11 2 1
1 131 1 12 2 1
1 131 2 13 2 1
1 131 3 14 2 1
1 131 4 15 2 1
1 131 5 16 2 1
1 131 6 17 2 1
1 131 7 18 2 1
1 131 8 10 2 1
1 131 9 9 2 1
1 131 10 8 2 1
1 131 11 7 2 1
1 131 12 6 2 1
1 131 13 5 2 1
1 131 14 4 2 1
1 131 15 3 2 1
1 131 16 2 2 1
1 131 17 1 2 1
1 131 18 1 1 1
1 131 19 2 1 1
1 131 20 3 1 1
1 131 21 4 1 1
1 131 22 5 1 1
1 131 23 6 1 1
1 131 24 7 1 1
1 131 25 8 1 1
1 131 26 9 1 1
1 131 27 10 1 1
1 131 28 18 1 1
1 131 29 17 1 1
1 131 30 16 1 1
1 131 31 15 1 1
1 131 32 14 1 1
1 131 33 13 1 1
1 131 34 12 1 1
1 131 35 11 1 1
1 132 0 26 1 1
1 132 1 25 1 1
1 132 2 24 1 1
1 132 3 23 1 1
1 132 4 22 1 1
1 132 5 21 1 1
1 132 6 20 1 1
1 132 7 19 1 1
1 132 8 27 1 1
1 132 9 28 1 1
1 132 10 29 1 1
1 132 11 30 1 1
1 132 12 31 1 1
1 132 13 32 1 1
1 132 14 33 1 1
1 132 15 34 1 1
1 132 16 35 1 1
1 132 17 36 1 1
1 132 18 36 2 1
1 132 19 35 2 1
1 132 20 34 2 1
1 132 21 33 2 1
1 132 22 32 2 1
1 132 23 31 2 1
1 132 24 30 2 1
1 132 25 29 2 1
1 132 26 28 2 1
1 132 27 27 2 1
1 132 28 19 2 1
1 132 29 20 2 1
1 132 30 21 2 1
1 132 31 22 2 1
1 132 32 23 2 1
1 132 33 24 2 1
1 132 34 25 2 1
1 132 35 26 2 1
2 133 0 1 10 2
2 133 1 1 11 2
2 133 2 1 9 2
2 133 3 1 8 2
2 133 4 1 7 2
2 133 5 1 6 2
2 133 6 1 5 2
2 133 7 1 4 2
2 133 8 1 3 2
2 133 9 1 2 2
2 133 10 1 1 2
2 133 11 2 1 2
2 133 12 2 2 2
2 133 13 2 3 2
2 133 14 2 4 2
2 133 15 2 5 2
2 133 16 2 6 2
2 133 17 2 7 2
2 133 18 2 8 2
2 133 19 2 9 2
2 133 20 2 10 2
2 133 21 2 11 2
2 133 22 2 12 2
2 133 23 2 13 2
2 133 24 2 14 2
2 133 25 2 15 2
2 133 26 2 16 2
2 133 27 2 17 2
2 133 28 2 18 2
2 133 29 1 12 2
2 133 30 1 13 2
2 133 31 1 14 2
2 133 32 1 15 2
2 133 33 1 16 2
2 133 34 1 17 2
2 133 35 1 18 2
2 134 0 4 18 2
2 134 1 4 17 2
2 134 2 4 16 2
2 134 3 4 15 2
2 134 4 4 14 2
2 134 5 4 13 2
2 134 6 4 12 2
2 134 7 4 11 2
2 134 8 4 10 2
2 134 9 4 9 2
2 134 10 4 8 2
2 134 11 4 7 2
2 134 12 4 6 2
2 134 13 4 5 2
2 134 14 4 4 2
2 134 15 4 3 2
2 134 16 4 2 2
2 134 17 4 1 2
2 134 18 3 18 2
2 134 19 3 17 2
2 134 20 3 16 2
2 134 21 3 15 2
2 134 22 3 14 2
2 134 23 3 13 2
2 134 24 3 12 2
2 134 25 3 11 2
2 134 26 3 10 2
2 134 27 3 9 2
2 134 28 3 8 2
2 134 29 3 7 2
2 134 30 3 6 2
2 134 31 3 5 2
2 134 32 3 4 2
2 134 33 3 3 2
2 134 34 3 2 2
2 134 35 3 1 2
2 135 0 1 28 2
2 135 1 1 27 2
2 135 2 1 26 2
2 135 3 1 25 2
2 135 4 1 24 2
2 135 5 1 23 2
2 135 6 1 22 2
2 135 7 1 21 2
2 135 8 1 20 2
2 135 9 1 19 2
2 135 10 2 19 2
2 135 11 2 20 2
2 135 12 2 21 2
2 135 13 2 22 2
2 135 14 2 23 2
2 135 15 2 24 2
2 135 16 2 25 2
2 135 17 2 26 2
2 135 18 1 29 2
2 135 19 1 30 2
2 135 20 1 31 2
2 135 21 1 32 2
2 135 22 1 33 2
2 135 23 1 34 2
2 135 24 2 27 2
2 135 25 1 35 2
2 135 26 1 36 2
2 135 27 2 28 2
2 135 28 2 29 2
2 135 29 2 30 2
2 135 30 2 31 2
2 135 31 2 32 2
2 135 32 2 33 2
2 135 33 2 34 2
2 135 34 2 35 2
2 135 35 2 36 2
2 136 0 4 36 2
2 136 1 4 35 2
2 136 2 4 34 2
2 136 3 4 33 2
2 136 4 4 32 2
2 136 5 4 31 2
2 136 6 4 30 2
2 136 7 4 29 2
2 136 8 4 28 2
2 136 9 4 27 2
2 136 10 4 26 2
2 136 11 4 25 2
2 136 12 4 24 2
2 136 13 4 23 2
2 136 14 4 22 2
2 136 15 4 21 2
2 136 16 4 20 2
2 136 17 4 19 2
2 136 18 3 36 2
2 136 19 3 35 2
2 136 20 3 34 2
2 136 21 3 33 2
2 136 22 3 32 2
2 136 23 3 31 2
2 136 24 3 30 2
2 136 25 3 29 2
2 136 26 3 28 2
2 136 27 3 27 2
2 136 28 3 26 2
2 136 29 3 25 2
2 136 30 3 24 2
2 136 31 3 23 2
2 136 32 3 22 2
2 136 33 3 21 2
2 136 34 3 20 2
2 136 35 3 19 2
3 137 0 26 4 3
3 137 1 25 4 3
3 137 2 24 4 3
3 137 3 23 4 3
3 137 4 22 4 3
3 137 5 21 4 3
3 137 6 20 4 3
3 137 7 19 4 3
3 137 8 27 4 3
3 137 9 28 4 3
3 137 10 29 4 3
3 137 11 30 4 3
3 137 12 31 4 3
3 137 13 32 4 3
3 137 14 33 4 3
3 137 15 34 4 3
3 137 16 35 4 3
3 137 17 36 4 3
3 137 18 36 3 3
3 137 19 35 3 3
3 137 20 34 3 3
3 137 21 33 3 3
3 137 22 32 3 3
3 137 23 31 3 3
3 137 24 30 3 3
3 137 25 29 3 3
3 137 26 28 3 3
3 137 27 27 3 3
3 137 28 19 3 3
3 137 29 20 3 3
3 137 30 21 3 3
3 137 31 22 3 3
3 137 32 23 3 3
3 137 33 24 3 3
3 137 34 25 3 3
3 137 35 26 3 3
3 138 0 11 3 3
3 138 1 12 3 3
3 138 2 13 3 3
3 138 3 14 3 3
3 138 4 15 3 3
3 138 5 16 3 3
3 138 6 17 3 3
3 138 7 18 3 3
3 138 8 10 3 3
3 138 9 9 3 3
3 138 10 8 3 3
3 138 11 7 3 3
3 138 12 6 3 3
3 138 13 5 3 3
3 138 14 4 3 3
3 138 15 3 3 3
3 138 16 2 3 3
3 138 17 1 3 3
3 138 18 1 4 3
3 138 19 2 4 3
3 138 20 3 4 3
3 138 21 4 4 3
3 138 22 5 4 3
3 138 23 6 4 3
3 138 24 7 4 3
3 138 25 8 4 3
3 138 26 9 4 3
3 138 27 10 4 3
3 138 28 18 4 3
3 138 29 17 4 3
3 138 30 16 4 3
3 138 31 15 4 3
3 138 32 14 4 3
3 138 33 13 4 3
3 138 34 12 4 3
3 138 35 11 4 3
3 139 0 11 1 3
3 139 1 12 1 3
3 139 2 13 1 3
3 139 3 14 1 3
3 139 4 15 1 3
3 139 5 16 1 3
3 139 6 17 1 3
3 139 7 18 1 3
3 139 8 10 1 3
3 139 9 9 1 3
3 139 10 8 1 3
3 139 11 7 1 3
3 139 12 6 1 3
3 139 13 5 1 3
3 139 14 4 1 3
3 139 15 3 1 3
3 139 16 2 1 3
3 139 17 1 1 3
3 139 18 1 2 3
3 139 19 2 2 3
3 139 20 3 2 3
3 139 21 4 2 3
3 139 22 5 2 3
3 139 23 6 2 3
3 139 24 7 2 3
3 139 25 8 2 3
3 139 26 9 2 3
3 139 27 10 2 3
3 139 28 18 2 3
3 139 29 17 2 3
3 139 30 16 2 3
3 139 31 15 2 3
3 139 32 14 2 3
3 139 33 13 2 3
3 139 34 12 2 3
3 139 35 11 2 3
3 140 0 26 2 3
3 140 1 25 2 3
3 140 2 24 2 3
3 140 3 23 2 3
3 140 4 22 2 3
3 140 5 21 2 3
3 140 6 20 2 3
3 140 7 19 2 3
3 140 8 27 2 3
3 140 9 28 2 3
3 140 10 29 2 3
3 140 11 30 2 3
3 140 12 31 2 3
3 140 13 32 2 3
3 140 14 33 2 3
3 140 15 34 2 3
3 140 16 35 2 3
3 140 17 36 2 3
3 140 18 36 1 3
3 140 19 35 1 3
3 140 20 34 1 3
3 140 21 33 1 3
3 140 22 32 1 3
3 140 23 31 1 3
3 140 24 30 1 3
3 140 25 29 1 3
3 140 26 28 1 3
3 140 27 27 1 3
3 140 28 19 1 3
3 140 29 20 1 3
3 140 30 21 1 3
3 140 31 22 1 3
3 140 32 23 1 3
3 140 33 24 1 3
3 140 34 25 1 3
3 140 35 26 1 3
4 233 0 12 12 4
4 233 1 11 12 4
4 233 2 10 12 4
4 233 3 9 12 4
4 233 4 8 12 4
4 233 5 7 12 4
4 233 6 12 11 4
4 233 7 11 11 4
4 233 8 10 11 4
4 233 9 9 11 4
4 233 10 8 11 4
4 233 11 7 11 4
4 233 12 12 10 4
4 233 13 11 10 4
4 233 14 10 10 4
4 233 15 9 10 4
4 233 16 8 10 4
4 233 17 7 10 4
4 233 18 12 9 4
4 233 19 11 9 4
4 233 20 10 9 4
4 233 21 9 9 4
4 233 22 8 9 4
4 233 23 7 9 4
4 233 24 12 8 4
4 233 25 11 8 4
4 233 26 10 8 4
4 233 27 9 8 4
4 233 28 8 8 4
4 233 29 7 8 4
4 233 30 12 7 4
4 233 31 11 7 4
4 233 32 10 7 4
4 233 33 9 7 4
4 233 34 8 7 4
4 233 35 7 7 4
4 234 0 18 12 4
4 234 1 17 12 4
4 234 2 16 12 4
4 234 3 15 12 4
4 234 4 14 12 4
4 234 5 13 12 4
4 234 6 18 11 4
4 234 7 17 11 4
4 234 8 16 11 4
4 234 9 15 11 4
4 234 10 14 11 4
4 234 11 13 11 4
4 234 12 18 10 4
4 234 13 17 10 4
4 234 14 16 10 4
4 234 15 15 10 4
4 234 16 14 10 4
4 234 17 13 10 4
4 234 18 18 9 4
4 234 19 17 9 4
4 234 20 16 9 4
4 234 21 15 9 4
4 234 22 14 9 4
4 234 23 13 9 4
4 234 24 18 8 4
4 234 25 17 8 4
4 234 26 16 8 4
4 234 27 15 8 4
4 234 28 14 8 4
4 234 29 13 8 4
4 234 30 18 7 4
4 234 31 17 7 4
4 234 32 16 7 4
4 234 33 15 7 4
4 234 34 14 7 4
4 234 35 13 7 4
4 235 0 7 18 4
4 235 1 8 18 4
4 235 2 9 18 4
4 235 3 10 18 4
4 235 4 11 18 4
4 235 5 12 18 4
4 235 6 7 17 4
4 235 7 8 17 4
4 235 8 9 17 4
4 235 9 10 17 4
4 235 10 11 17 4
4 235 11 12 17 4
4 235 12 7 16 4
4 235 13 8 16 4
4 235 14 9 16 4
4 235 15 10 16 4
4 235 16 11 16 4
4 235 17 12 16 4
4 235 18 7 15 4
4 235 19 8 15 4
4 235 20 9 15 4
4 235 21 10 15 4
4 235 22 11 15 4
4 235 23 12 15 4
4 235 24 7 14 4
4 235 25 8 14 4
4 235 26 9 14 4
4 235 27 10 14 4
4 235 28 11 14 4
4 235 29 12 14 4
4 235 30 7 13 4
4 235 31 8 13 4
4 235 32 9 13 4
4 235 33 10 13 4
4 235 34 11 13 4
4 235 35 12 13 4
4 236 0 13 18 4
4 236 1 14 18 4
4 236 2 15 18 4
4 236 3 16 18 4
4 236 4 17 18 4
4 236 5 18 18 4
4 236 6 13 17 4
4 236 7 14 17 4
4 236 8 15 17 4
4 236 9 16 17 4
4 236 10 17 17 4
4 236 11 18 17 4
4 236 12 13 16 4
4 236 13 14 16 4
4 236 14 15 16 4
4 236 15 16 16 4
4 236 16 17 16 4
4 236 17 18 16 4
4 236 18 13 15 4
4 236 19 14 15 4
4 236 20 15 15 4
4 236 21 16 15 4
4 236 22 17 15 4
4 236 23 18 15 4
4 236 24 13 14 4
4 236 25 14 14 4
4 236 26 15 14 4
4 236 27 16 14 4
4 236 28 17 14 4
4 236 29 18 14 4
4 236 30 13 13 4
4 236 31 14 13 4
4 236 32 15 13 4
4 236 33 16 13 4
4 236 34 17 13 4
4 236 35 18 13 4
5 165 0 12 12 5
5 165 1 11 12 5
5 165 2 10 12 5
5 165 3 9 12 5
5 165 4 8 12 5
5 165 5 7 12 5
5 165 6 12 11 5
5 165 7 11 11 5
5 165 8 10 11 5
5 165 9 9 11 5
5 165 10 8 11 5
5 165 11 7 11 5
5 165 12 12 10 5
5 165 13 11 10 5
5 165 14 10 10 5
5 165 15 9 10 5
5 165 16 8 10 5
5 165 17 7 10 5
5 165 18 12 9 5
5 165 19 11 9 5
5 165 20 10 9 5
5 165 21 9 9 5
5 165 22 8 9 5
5 165 23 7 9 5
5 165 24 12 8 5
5 165 25 11 8 5
5 165 26 10 8 5
5 165 27 9 8 5
5 165 28 8 8 5
5 165 29 7 8 5
5 165 30 12 7 5
5 165 31 11 7 5
5 165 32 10 7 5
5 165 33 9 7 5
5 165 34 8 7 5
5 165 35 7 7 5
5 166 0 18 12 5
5 166 1 17 12 5
5 166 2 16 12 5
5 166 3 15 12 5
5 166 4 14 12 5
5 166 5 13 12 5
5 166 6 18 11 5
5 166 7 17 11 5
5 166 8 16 11 5
5 166 9 15 11 5
5 166 10 14 11 5
5 166 11 13 11 5
5 166 12 18 10 5
5 166 13 17 10 5
5 166 14 16 10 5
5 166 15 15 10 5
5 166 16 14 10 5
5 166 17 13 10 5
5 166 18 18 9 5
5 166 19 17 9 5
5 166 20 16 9 5
5 166 21 15 9 5
5 166 22 14 9 5
5 166 23 13 9 5
5 166 24 18 8 5
5 166 25 17 8 5
5 166 26 16 8 5
5 166 27 15 8 5
5 166 28 14 8 5
5 166 29 13 8 5
5 166 30 18 7 5
5 166 31 17 7 5
5 166 32 16 7 5
5 166 33 15 7 5
5 166 34 14 7 5
5 166 35 13 7 5
5 167 0 7 18 5
5 167 1 8 18 5
5 167 2 9 18 5
5 167 3 10 18 5
5 167 4 11 18 5
5 167 5 12 18 5
5 167 6 7 17 5
5 167 7 8 17 5
5 167 8 9 17 5
5 167 9 10 17 5
5 167 10 11 17 5
5 167 11 12 17 5
5 167 12 7 16 5
5 167 13 8 16 5
5 167 14 9 16 5
5 167 15 10 16 5
5 167 16 11 16 5
5 167 17 12 16 5
5 167 18 7 15 5
5 167 19 8 15 5
5 167 20 9 15 5
5 167 21 10 15 5
5 167 22 11 15 5
5 167 23 12 15 5
5 167 24 7 14 5
5 167 25 8 14 5
5 167 26 9 14 5
5 167 27 10 14 5
5 167 28 11 14 5
5 167 29 12 14 5
5 167 30 7 13 5
5 167 31 8 13 5
5 167 32 9 13 5
5 167 33 10 13 5
5 167 34 11 13 5
5 167 35 12 13 5
5 168 0 13 18 5
5 168 1 14 18 5
5 168 2 15 18 5
5 168 3 16 18 5
5 168 4 17 18 5
5 168 5 18 18 5
5 168 6 13 17 5
5 168 7 14 17 5
5 168 8 15 17 5
5 168 9 16 17 5
5 168 10 17 17 5
5 168 11 18 17 5
5 168 12 13 16 5
5 168 13 14 16 5
5 168 14 15 16 5
5 168 15 16 16 5
5 168 16 17 16 5
5 168 17 18 16 5
5 168 18 13 15 5
5 168 19 14 15 5
5 168 20 15 15 5
5 168 21 16 15 5
5 168 22 17 15 5
5 168 23 18 15 5
5 168 24 13 14 5
5 168 25 14 14 5
5 168 26 15 14 5
5 168 27 16 14 5
5 168 28 17 14 5
5 168 29 18 14 5
5 168 30 13 13 5
5 168 31 14 13 5
5 168 32 15 13 5
5 168 33 16 13 5
5 168 34 17 13 5
5 168 35 18 13 5
6 161 0 12 12 6
6 161 1 11 12 6
6 161 2 10 12 6
6 161 3 9 12 6
6 161 4 8 12 6
6 161 5 7 12 6
6 161 6 12 11 6
6 161 7 11 11 6
6 161 8 10 11 6
6 161 9 9 11 6
6 161 10 8 11 6
6 161 11 7 11 6
6 161 12 12 10 6
6 161 13 11 10 6
6 161 14 10 10 6
6 161 15 9 10 6
6 161 16 8 10 6
6 161 17 7 10 6
6 161 18 12 9 6
6 161 19 11 9 6
6 161 20 10 9 6
6 161 21 9 9 6
6 161 22 8 9 6
6 161 23 7 9 6
6 161 24 12 8 6
6 161 25 11 8 6
6 161 26 10 8 6
6 161 27 9 8 6
6 161 28 8 8 6
6 161 29 7 8 6
6 161 30 12 7 6
6 161 31 11 7 6
6 161 32 10 7 6
6 161 33 9 7 6
6 161 34 8 7 6
6 161 35 7 7 6
6 162 0 18 12 6
6 162 1 17 12 6
6 162 2 16 12 6
6 162 3 15 12 6
6 162 4 14 12 6
6 162 5 13 12 6
6 162 6 18 11 6
6 162 7 17 11 6
6 162 8 16 11 6
6 162 9 15 11 6
6 162 10 14 11 6
6 162 11 13 11 6
6 162 12 18 10 6
6 162 13 17 10 6
6 162 14 16 10 6
6 162 15 15 10 6
6 162 16 14 10 6
6 162 17 13 10 6
6 162 18 18 9 6
6 162 19 17 9 6
6 162 20 16 9 6
6 162 21 15 9 6
6 162 22 14 9 6
6 162 23 13 9 6
6 162 24 18 8 6
6 162 25 17 8 6
6 162 26 16 8 6
6 162 27 15 8 6
6 162 28 14 8 6
6 162 29 13 8 6
6 162 30 18 7 6
6 162 31 17 7 6
6 162 32 16 7 6
6 162 33 15 7 6
6 162 34 14 7 6
6 162 35 13 7 6
6 163 0 7 18 6
6 163 1 8 18 6
6 163 2 9 18 6
6 163 3 10 18 6
6 163 4 11 18 6
6 163 5 12 18 6
6 163 6 7 17 6
6 163 7 8 17 6
6 163 8 9 17 6
6 163 9 10 17 6
6 163 10 11 17 6
6 163 11 12 17 6
6 163 12 7 16 6
6 163 13 8 16 6
6 163 14 9 16 6
6 163 15 10 16 6
6 163 16 11 16 6
6 163 17 12 16 6
6 163 18 7 15 6
6 163 19 8 15 6
6 163 20 9 15 6
6 163 21 10 15 6
6 163 22 11 15 6
6 163 23 12 15 6
6 163 24 7 14 6
6 163 25 8 14 6
6 163 26 9 14 6
6 163 27 10 14 6
6 163 28 11 14 6
6 163 29 12 14 6
6 163 30 7 13 6
6 163 31 8 13 6
6 163 32 9 13 6
6 163 33 10 13 6
6 163 34 11 13 6
6 163 35 12 13 6
6 164 0 13 18 6
6 164 1 14 18 6
6 164 2 15 18 6
6 164 3 16 18 6
6 164 4 17 18 6
6 164 5 18 18 6
6 164 6 13 17 6
6 164 7 14 17 6
6 164 8 15 17 6
6 164 9 16 17 6
6 164 10 17 17 6
6 164 11 18 17 6
6 164 12 13 16 6
6 164 13 14 16 6
6 164 14 15 16 6
6 164 15 16 16 6
6 164 16 17 16 6
6 164 17 18 16 6
6 164 18 13 15 6
6 164 19 14 15 6
6 164 20 15 15 6
6 164 21 16 15 6
6 164 22 17 15 6
6 164 23 18 15 6
6 164 24 13 14 6
6 164 25 14 14 6
6 164 26 15 14 6
6 164 27 16 14 6
6 164 28 17 14 6
6 164 29 18 14 6
6 164 30 13 13 6
6 164 31 14 13 6
6 164 32 15 13 6
6 164 33 16 13 6
6 164 34 17 13 6
6 164 35 18 13 6
7 157 0 12 12 7
7 157 1 11 12 7
7 157 2 10 12 7
7 157 3 9 12 7
7 157 4 8 12 7
7 157 5 7 12 7
7 157 6 12 11 7
7 157 7 11 11 7
7 157 8 10 11 7
7 157 9 9 11 7
7 157 10 8 11 7
7 157 11 7 11 7
7 157 12 12 10 7
7 157 13 11 10 7
7 157 14 10 10 7
7 157 15 9 10 7
7 157 16 8 10 7
7 157 17 7 10 7
7 157 18 12 9 7
7 157 19 11 9 7
7 157 20 10 9 7
7 157 21 9 9 7
7 157 22 8 9 7
7 157 23 7 9 7
7 157 24 12 8 7
7 157 25 11 8 7
7 157 26 10 8 7
7 157 27 9 8 7
7 157 28 8 8 7
7 157 29 7 8 7
7 157 30 12 7 7
7 157 31 11 7 7
7 157 32 10 7 7
7 157 33 9 7 7
7 157 34 8 7 7
7 157 35 7 7 7
7 158 0 18 12 7
7 158 1 17 12 7
7 158 2 16 12 7
7 158 3 15 12 7
7 158 4 14 12 7
7 158 5 13 12 7
7 158 6 18 11 7
7 158 7 17 11 7
7 158 8 16 11 7
7 158 9 15 11 7
7 158 10 14 11 7
7 158 11 13 11 7
7 158 12 18 10 7
7 158 13 17 10 7
7 158 14 16 10 7
7 158 15 15 10 7
7 158 16 14 10 7
7 158 17 13 10 7
7 158 18 18 9 7
7 158 19 17 9 7
7 158 20 16 9 7
7 158 21 15 9 7
7 158 22 14 9 7
7 158 23 13 9 7
7 158 24 18 8 7
7 158 25 17 8 7
7 158 26 16 8 7
7 158 27 15 8 7
7 158 28 14 8 7
7 158 29 13 8 7
7 158 30 18 7 7
7 158 31 17 7 7
7 158 32 16 7 7
7 158 33 15 7 7
7 158 34 14 7 7
7 158 35 13 7 7
7 159 0 7 18 7
7 159 1 8 18 7
7 159 2 9 18 7
7 159 3 10 18 7
7 159 4 11 18 7
7 159 5 12 18 7
7 159 6 7 17 7
7 159 7 8 17 7
7 159 8 9 17 7
7 159 9 10 17 7
7 159 10 11 17 7
7 159 11 12 17 7
7 159 12 7 16 7
7 159 13 8 16 7
7 159 14 9 16 7
7 159 15 10 16 7
7 159 16 11 16 7
7 159 17 12 16 7
7 159 18 7 15 7
7 159 19 8 15 7
7 159 20 9 15 7
7 159 21 10 15 7
7 159 22 11 15 7
7 159 23 12 15 7
7 159 24 7 14 7
7 159 25 8 14 7
7 159 26 9 14 7
7 159 27 10 14 7
7 159 28 11 14 7
7 159 29 12 14 7
7 159 30 7 13 7
7 159 31 8 13 7
7 159 32 9 13 7
7 159 33 10 13 7
7 159 34 11 13 7
7 159 35 12 13 7
7 160 0 13 18 7
7 160 1 14 18 7
7 160 2 15 18 7
7 160 3 16 18 7
7 160 4 17 18 7
7 160 5 18 18 7
7 160 6 13 17 7
7 160 7 14 17 7
7 160 8 15 17 7
7 160 9 16 17 7
7 160 10 17 17 7
7 160 11 18 17 7
7 160 12 13 16 7
7 160 13 14 16 7
7 160 14 15 16 7
7 160 15 16 16 7
7 160 16 17 16 7
7 160 17 18 16 7
7 160 18 13 15 7
7 160 19 14 15 7
7 160 20 15 15 7
7 160 21 16 15 7
7 160 22 17 15 7
7 160 23 18 15 7
7 160 24 13 14 7
7 160 25 14 14 7
7 160 26 15 14 7
7 160 27 16 14 7
7 160 28 17 14 7
7 160 29 18 14 7
7 160 30 13 13 7
7 160 31 14 13 7
7 160 32 15 13 7
7 160 33 16 13 7
7 160 34 17 13 7
7 160 35 18 13 7
8 153 0 12 12 8
8 153 1 11 12 8
8 153 2 10 12 8
8 153 3 9 12 8
8 153 4 8 12 8
8 153 5 7 12 8
8 153 6 12 11 8
8 153 7 11 11 8
8 153 8 10 11 8
8 153 9 9 11 8
8 153 10 8 11 8
8 153 11 7 11 8
8 153 12 12 10 8
8 153 13 11 10 8
8 153 14 10 10 8
8 153 15 9 10 8
8 153 16 8 10 8
8 153 17 7 10 8
8 153 18 12 9 8
8 153 19 11 9 8
8 153 20 10 9 8
8 153 21 9 9 8
8 153 22 8 9 8
8 153 23 7 9 8
8 153 24 12 8 8
8 153 25 11 8 8
8 153 26 10 8 8
8 153 27 9 8 8
8 153 28 8 8 8
8 153 29 7 8 8
8 153 30 12 7 8
8 153 31 11 7 8
8 153 32 10 7 8
8 153 33 9 7 8
8 153 34 8 7 8
8 153 35 7 7 8
8 154 0 18 12 8
8 154 1 17 12 8
8 154 2 16 12 8
8 154 3 15 12 8
8 154 4 14 12 8
8 154 5 13 12 8
8 154 6 18 11 8
8 154 7 17 11 8
8 154 8 16 11 8
8 154 9 15 11 8
8 154 10 14 11 8
8 154 11 13 11 8
8 154 12 18 10 8
8 154 13 17 10 8
8 154 14 16 10 8
8 154 15 15 10 8
8 154 16 14 10 8
8 154 17 13 10 8
8 154 18 18 9 8
8 154 19 17 9 8
8 154 20 16 9 8
8 154 21 15 9 8
8 154 22 14 9 8
8 154 23 13 9 8
8 154 24 18 8 8
8 154 25 17 8 8
8 154 26 16 8 8
8 154 27 15 8 8
8 154 28 14 8 8
8 154 29 13 8 8
8 154 30 18 7 8
8 154 31 17 7 8
8 154 32 16 7 8
8 154 33 15 7 8
8 154 34 14 7 8
8 154 35 13 7 8
8 155 0 7 18 8
8 155 1 8 18 8
8 155 2 9 18 8
8 155 3 10 18 8
8 155 4 11 18 8
8 155 5 12 18 8
8 155 6 7 17 8
8 155 7 8 17 8
8 155 8 9 17 8
8 155 9 10 17 8
8 155 10 11 17 8
8 155 11 12 17 8
8 155 12 7 16 8
8 155 13 8 16 8
8 155 14 9 16 8
8 155 15 10 16 8
8 155 16 11 16 8
8 155 17 12 16 8
8 155 18 7 15 8
8 155 19 8 15 8
8 155 20 9 15 8
8 155 21 10 15 8
8 155 22 11 15 8
8 155 23 12 15 8
8 155 24 7 14 8
8 155 25 8 14 8
8 155 26 9 14 8
8 155 27 10 14 8
8 155 28 11 14 8
8 155 29 12 14 8
8 155 30 7 13 8
8 155 31 8 13 8
8 155 32 9 13 8
8 155 33 10 13 8
8 155 34 11 13 8
8 155 35 12 13 8
8 156 0 13 18 8
8 156 1 14 18 8
8 156 2 15 18 8
8 156 3 16 18 8
8 156 4 17 18 8
8 156 5 18 18 8
8 156 6 13 17 8
8 156 7 14 17 8
8 156 8 15 17 8
8 156 9 16 17 8
8 156 10 17 17 8
8 156 11 18 17 8
8 156 12 13 16 8
8 156 13 14 16 8
8 156 14 15 16 8
8 156 15 16 16 8
8 156 16 17 16 8
8 156 17 18 16 8
8 156 18 13 15 8
8 156 19 14 15 8
8 156 20 15 15 8
8 156 21 16 15 8
8 156 22 17 15 8
8 156 23 18 15 8
8 156 24 13 14 8
8 156 25 14 14 8
8 156 26 15 14 8
8 156 27 16 14 8
8 156 28 17 14 8
8 156 29 18 14 8
8 156 30 13 13 8
8 156 31 14 13 8
8 156 32 15 13 8
8 156 33 16 13 8
8 156 34 17 13 8
8 156 35 18 13 8
9 149 0 12 12 9
9 149 1 11 12 9
9 149 2 10 12 9
9 149 3 9 12 9
9 149 4 8 12 9
9 149 5 7 12 9
9 149 6 12 11 9
9 149 7 11 11 9
9 149 8 10 11 9
9 149 9 9 11 9
9 149 10 8 11 9
9 149 11 7 11 9
9 149 12 12 10 9
9 149 13 11 10 9
9 149 14 10 10 9
9 149 15 9 10 9
9 149 16 8 10 9
9 149 17 7 10 9
9 149 18 12 9 9
9 149 19 11 9 9
9 149 20 10 9 9
9 149 21 9 9 9
9 149 22 8 9 9
9 149 23 7 9 9
9 149 24 12 8 9
9 149 25 11 8 9
9 149 26 10 8 9
9 149 27 9 8 9
9 149 28 8 8 9
9 149 29 7 8 9
9 149 30 12 7 9
9 149 31 11 7 9
9 149 32 10 7 9
9 149 33 9 7 9
9 149 34 8 7 9
9 149 35 7 7 9
9 150 0 18 12 9
9 150 1 17 12 9
9 150 2 16 12 9
9 150 3 15 12 9
9 150 4 14 12 9
9 150 5 13 12 9
9 150 6 18 11 9
9 150 7 17 11 9
9 150 8 16 11 9
9 150 9 15 11 9
9 150 10 14 11 9
9 150 11 13 11 9
9 150 12 18 10 9
9 150 13 17 10 9
9 150 14 16 10 9
9 150 15 15 10 9
9 150 16 14 10 9
9 150 17 13 10 9
9 150 18 18 9 9
9 150 19 17 9 9
9 150 20 16 9 9
9 150 21 15 9 9
9 150 22 14 9 9
9 150 23 13 9 9
9 150 24 18 8 9
9 150 25 17 8 9
9 150 26 16 8 9
9 150 27 15 8 9
9 150 28 14 8 9
9 150 29 13 8 9
9 150 30 18 7 9
9 150 31 17 7 9
9 150 32 16 7 9
9 150 33 15 7 9
9 150 34 14 7 9
9 150 35 13 7 9
9 151 0 7 18 9
9 151 1 8 18 9
9 151 2 9 18 9
9 151 3 10 18 9
9 151 4 11 18 9
9 151 5 12 18 9
9 151 6 7 17 9
9 151 7 8 17 9
9 151 8 9 17 9
9 151 9 10 17 9
9 151 10 11 17 9
9 151 11 12 17 9
9 151 12 7 16 9
9 151 13 8 16 9
9 151 14 9 16 9
9 151 15 10 16 9
9 151 16 11 16 9
9 151 17 12 16 9
9 151 18 7 15 9
9 151 19 8 15 9
9 151 20 9 15 9
9 151 21 10 15 9
9 151 22 11 15 9
9 151 23 12 15 9
9 151 24 7 14 9
9 151 25 8 14 9
9 151 26 9 14 9
9 151 27 10 14 9
9 151 28 11 14 9
9 151 29 12 14 9
9 151 30 7 13 9
9 151 31 8 13 9
9 151 32 9 13 9
9 151 33 10 13 9
9 151 34 11 13 9
9 151 35 12 13 9
9 152 0 13 18 9
9 152 1 14 18 9
9 152 2 15 18 9
9 152 3 16 18 9
9 152 4 17 18 9
9 152 5 18 18 9
9 152 6 13 17 9
9 152 7 14 17 9
9 152 8 15 17 9
9 152 9 16 17 9
9 152 10 17 17 9
9 152 11 18 17 9
9 152 12 13 16 9
9 152 13 14 16 9
9 152 14 15 16 9
9 152 15 16 16 9
9 152 16 17 16 9
9 152 17 18 16 9
9 152 18 13 15 9
9 152 19 14 15 9
9 152 20 15 15 9
9 152 21 16 15 9
9 152 22 17 15 9
9 152 23 18 15 9
9 152 24 13 14 9
9 152 25 14 14 9
9 152 26 15 14 9
9 152 27 16 14 9
9 152 28 17 14 9
9 152 29 18 14 9
9 152 30 13 13 9
9 152 31 14 13 9
9 152 32 15 13 9
9 152 33 16 13 9
9 152 34 17 13 9
9 152 35 18 13 9
10 145 0 12 12 10
10 145 1 11 12 10
10 145 2 10 12 10
10 145 3 9 12 10
10 145 4 8 12 10
10 145 5 7 12 10
10 145 6 12 11 10
10 145 7 11 11 10
10 145 8 10 11 10
10 145 9 9 11 10
10 145 10 8 11 10
10 145 11 7 11 10
10 145 12 12 10 10
10 145 13 11 10 10
10 145 14 10 10 10
10 145 15 9 10 10
10 145 16 8 10 10
10 145 17 7 10 10
10 145 18 12 9 10
10 145 19 11 9 10
10 145 20 10 9 10
10 145 21 9 9 10
10 145 22 8 9 10
10 145 23 7 9 10
10 145 24 12 8 10
10 145 25 11 8 10
10 145 26 10 8 10
10 145 27 9 8 10
10 145 28 8 8 10
10 145 29 7 8 10
10 145 30 12 7 10
10 145 31 11 7 10
10 145 32 10 7 10
10 145 33 9 7 10
10 145 34 8 7 10
10 145 35 7 7 10
10 146 0 18 12 10
10 146 1 17 12 10
10 146 2 16 12 10
10 146 3 15 12 10
10 146 4 14 12 10
10 146 5 13 12 10
10 146 6 18 11 10
10 146 7 17 11 10
10 146 8 16 11 10
10 146 9 15 11 10
10 146 10 14 11 10
10 146 11 13 11 10
10 146 12 18 10 10
10 146 13 17 10 10
10 146 14 16 10 10
10 146 15 15 10 10
10 146 16 14 10 10
10 146 17 13 10 10
10 146 18 18 9 10
10 146 19 17 9 10
10 146 20 16 9 10
10 146 21 15 9 10
10 146 22 14 9 10
10 146 23 13 9 10
10 146 24 18 8 10
10 146 25 17 8 10
10 146 26 16 8 10
10 146 27 15 8 10
10 146 28 14 8 10
10 146 29 13 8 10
10 146 30 18 7 10
10 146 31 17 7 10
10 146 32 16 7 10
10 146 33 15 7 10
10 146 34 14 7 10
10 146 35 13 7 10
10 147 0 7 18 10
10 147 1 8 18 10
10 147 2 9 18 10
10 147 3 10 18 10
10 147 4 11 18 10
10 147 5 12 18 10
10 147 6 7 17 10
10 147 7 8 17 10
10 147 8 9 17 10
10 147 9 10 17 10
10 147 10 11 17 10
10 147 11 12 17 10
10 147 12 7 16 10
10 147 13 8 16 10
10 147 14 9 16 10
10 147 15 10 16 10
10 147 16 11 16 10
10 147 17 12 16 10
10 147 18 7 15 10
10 147 19 8 15 10
10 147 20 9 15 10
10 147 21 10 15 10
10 147 22 11 15 10
10 147 23 12 15 10
10 147 24 7 14 10
10 147 25 8 14 10
10 147 26 9 14 10
10 147 27 10 14 10
10 147 28 11 14 10
10 147 29 12 14 10
10 147 30 7 13 10
10 147 31 8 13 10
10 147 32 9 13 10
10 147 33 10 13 10
10 147 34 11 13 10
10 147 35 12 13 10
10 148 0 13 18 10
10 148 1 14 18 10
10 148 2 15 18 10
10 148 3 16 18 10
10 148 4 17 18 10
10 148 5 18 18 10
10 148 6 13 17 10
10 148 7 14 17 10
10 148 8 15 17 10
10 148 9 16 17 10
10 148 10 17 17 10
10 148 11 18 17 10
10 148 12 13 16 10
10 148 13 14 16 10
10 148 14 15 16 10
10 148 15 16 16 10
10 148 16 17 16 10
10 148 17 18 16 10
10 148 18 13 15 10
10 148 19 14 15 10
10 148 20 15 15 10
10 148 21 16 15 10
10 148 22 17 15 10
10 148 23 18 15 10
10 148 24 13 14 10
10 148 25 14 14 10
10 148 26 15 14 10
10 148 27 16 14 10
10 148 28 17 14 10
10 148 29 18 14 10
10 148 30 13 13 10
10 148 31 14 13 10
10 148 32 15 13 10
10 148 33 16 13 10
10 148 34 17 13 10
10 148 35 18 13 10
11 141 0 12 12 11
11 141 1 11 12 11
11 141 2 10 12 11
11 141 3 9 12 11
11 141 4 8 12 11
11 141 5 7 12 11
11 141 6 12 11 11
11 141 7 11 11 11
11 141 8 10 11 11
11 141 9 9 11 11
11 141 10 8 11 11
11 141 11 7 11 11
11 141 12 12 10 11
11 141 13 11 10 11
11 141 14 10 10 11
11 141 15 9 10 11
11 141 16 8 10 11
11 141 17 7 10 11
11 141 18 12 9 11
11 141 19 11 9 11
11 141 20 10 9 11
11 141 21 9 9 11
11 141 22 8 9 11
11 141 23 7 9 11
11 141 24 12 8 11
11 141 25 11 8 11
11 141 26 10 8 11
11 141 27 9 8 11
11 141 28 8 8 11
11 141 29 7 8 11
11 141 30 12 7 11
11 141 31 11 7 11
11 141 32 10 7 11
11 141 33 9 7 11
11 141 34 8 7 11
11 141 35 7 7 11
11 142 0 18 12 11
11 142 1 17 12 11
11 142 2 16 12 11
11 142 3 15 12 11
11 142 4 14 12 11
11 142 5 13 12 11
11 142 6 18 11 11
11 142 7 17 11 11
11 142 8 16 11 11
11 142 9 15 11 11
11 142 10 14 11 11
11 142 11 13 11 11
11 142 12 18 10 11
11 142 13 17 10 11
11 142 14 16 10 11
11 142 15 15 10 11
11 142 16 14 10 11
11 142 17 13 10 11
11 142 18 18 9 11
11 142 19 17 9 11
11 142 20 16 9 11
11 142 21 15 9 11
11 142 22 14 9 11
11 142 23 13 9 11
11 142 24 18 8 11
11 142 25 17 8 11
11 142 26 16 8 11
11 142 27 15 8 11
11 142 28 14 8 11
11 142 29 13 8 11
11 142 30 18 7 11
11 142 31 17 7 11
11 142 32 16 7 11
11 142 33 15 7 11
11 142 34 14 7 11
11 142 35 13 7 11
11 143 0 7 18 11
11 143 1 8 18 11
11 143 2 9 18 11
11 143 3 10 18 11
11 143 4 11 18 11
11 143 5 12 18 11
11 143 6 7 17 11
11 143 7 8 17 11
11 143 8 9 17 11
11 143 9 10 17 11
11 143 10 11 17 11
11 143 11 12 17 11
11 143 12 7 16 11
11 143 13 8 16 11
11 143 14 9 16 11
11 143 15 10 16 11
11 143 16 11 16 11
11 143 17 12 16 11
11 143 18 7 15 11
11 143 19 8 15 11
11 143 20 9 15 11
11 143 21 10 15 11
11 143 22 11 15 11
11 143 23 12 15 11
11 143 24 7 14 11
11 143 25 8 14 11
11 143 26 9 14 11
11 143 27 10 14 11
11 143 28 11 14 11
11 143 29 12 14 11
11 143 30 7 13 11
11 143 31 8 13 11
11 143 32 9 13 11
11 143 33 10 13 11
11 143 34 11 13 11
11 143 35 12 13 11
11 144 0 13 18 11
11 144 1 14 18 11
11 144 2 15 18 11
11 144 3 16 18 11
11 144 4 17 18 11
11 144 5 18 18 11
11 144 6 13 17 11
11 144 7 14 17 11
11 144 8 15 17 11
11 144 9 16 17 11
11 144 10 17 17 11
11 144 11 18 17 11
11 144 12 13 16 11
11 144 13 14 16 11
11 144 14 15 16 11
11 144 15 16 16 11
11 144 16 17 16 11
11 144 17 18 16 11
11 144 18 13 15 11
11 144 19 14 15 11
11 144 20 15 15 11
11 144 21 16 15 11
11 144 22 17 15 11
11 144 23 18 15 11
11 144 24 13 14 11
11 144 25 14 14 11
11 144 26 15 14 11
11 144 27 16 14 11
11 144 28 17 14 11
11 144 29 18 14 11
11 144 30 13 13 11
11 144 31 14 13 11
11 144 32 15 13 11
11 144 33 16 13 11
11 144 34 17 13 11
11 144 35 18 13 11
12 169 0 6 6 12
12 169 1 5 6 12
12 169 2 4 6 12
12 169 3 3 6 12
12 169 4 2 6 12
12 169 5 1 6 12
12 169 6 6 5 12
12 169 7 5 5 12
12 169 8 4 5 12
12 169 9 3 5 12
12 169 10 2 5 12
12 169 11 1 5 12
12 169 12 6 4 12
12 169 13 5 4 12
12 169 14 4 4 12
12 169 15 3 4 12
12 169 16 2 4 12
12 169 17 1 4 12
12 169 18 6 3 12
12 169 19 5 3 12
12 169 20 4 3 12
12 169 21 3 3 12
12 169 22 2 3 12
12 169 23 1 3 12
12 169 24 6 2 12
12 169 25 5 2 12
12 169 26 4 2 12
12 169 27 3 2 12
12 169 28 2 2 12
12 169 29 1 2 12
12 169 30 6 1 12
12 169 31 5 1 12
12 169 32 4 1 12
12 169 33 3 1 12
12 169 34 2 1 12
12 169 35 1 1 12
12 170 0 12 6 12
12 170 1 11 6 12
12 170 2 10 6 12
12 170 3 9 6 12
12 170 4 8 6 12
12 170 5 7 6 12
12 170 6 12 5 12
12 170 7 11 5 12
12 170 8 10 5 12
12 170 9 9 5 12
12 170 10 8 5 12
12 170 11 7 5 12
12 170 12 12 4 12
12 170 13 11 4 12
12 170 14 10 4 12
12 170 15 9 4 12
12 170 16 8 4 12
12 170 17 7 4 12
12 170 18 12 3 12
12 170 19 11 3 12
12 170 20 10 3 12
12 170 21 9 3 12
12 170 22 8 3 12
12 170 23 7 3 12
12 170 24 12 2 12
12 170 25 11 2 12
12 170 26 10 2 12
12 170 27 9 2 12
12 170 28 8 2 12
12 170 29 7 2 12
12 170 30 12 1 12
12 170 31 11 1 12
12 170 32 10 1 12
12 170 33 9 1 12
12 170 34 8 1 12
12 170 35 7 1 12
12 171 0 1 12 12
12 171 1 2 12 12
12 171 2 3 12 12
12 171 3 4 12 12
12 171 4 5 12 12
12 171 5 6 12 12
12 171 6 1 11 12
12 171 7 2 11 12
12 171 8 3 11 12
12 171 9 4 11 12
12 171 10 5 11 12
12 171 11 6 11 12
12 171 12 1 10 12
12 171 13 2 10 12
12 171 14 3 10 12
12 171 15 4 10 12
12 171 16 5 10 12
12 171 17 6 10 12
12 171 18 1 9 12
12 171 19 2 9 12
12 171 20 3 9 12
12 171 21 4 9 12
12 171 22 5 9 12
12 171 23 6 9 12
12 171 24 1 8 12
12 171 25 2 8 12
12 171 26 3 8 12
12 171 27 4 8 12
12 171 28 5 8 12
12 171 29 6 8 12
12 171 30 1 7 12
12 171 31 2 7 12
12 171 32 3 7 12
12 171 33 4 7 12
12 171 34 5 7 12
12 171 35 6 7 12
12 172 0 7 12 12
12 172 1 8 12 12
12 172 2 9 12 12
12 172 3 10 12 12
12 172 4 11 12 12
12 172 5 12 12 12
12 172 6 7 11 12
12 172 7 8 11 12
12 172 8 9 11 12
12 172 9 10 11 12
12 172 10 11 11 12
12 172 11 12 11 12
12 172 12 7 10 12
12 172 13 8 10 12
12 172 14 9 10 12
12 172 15 10 10 12
12 172 16 11 10 12
12 172 17 12 10 12
12 172 18 7 9 12
12 172 19 8 9 12
12 172 20 9 9 12
12 172 21 10 9 12
12 172 22 11 9 12
12 172 23 12 9 12
12 172 24 7 8 12
12 172 25 8 8 12
12 172 26 9 8 12
12 172 27 10 8 12
12 172 28 11 8 12
12 172 29 12 8 12
12 172 30 7 7 12
12 172 31 8 7 12
12 172 32 9 7 12
12 172 33 10 7 12
12 172 34 11 7 12
12 172 35 12 7 12
12 173 0 18 6 12
12 173 1 17 6 12
12 173 2 16 6 12
12 173 3 15 6 12
12 173 4 14 6 12
12 173 5 13 6 12
12 173 6 18 5 12
12 173 7 17 5 12
12 173 8 16 5 12
12 173 9 15 5 12
12 173 10 14 5 12
12 173 11 13 5 12
12 173 12 18 4 12
12 173 13 17 4 12
12 173 14 16 4 12
12 173 15 15 4 12
12 173 16 14 4 12
12 173 17 13 4 12
12 173 18 18 3 12
12 173 19 17 3 12
12 173 20 16 3 12
12 173 21 15 3 12
12 173 22 14 3 12
12 173 23 13 3 12
12 173 24 18 2 12
12 173 25 17 2 12
12 173 26 16 2 12
12 173 27 15 2 12
12 173 28 14 2 12
12 173 29 13 2 12
12 173 30 18 1 12
12 173 31 17 1 12
12 173 32 16 1 12
12 173 33 15 1 12
12 173 34 14 1 12
12 173 35 13 1 12
12 174 0 24 6 12
12 174 1 23 6 12
12 174 2 22 6 12
12 174 3 21 6 12
12 174 4 20 6 12
12 174 5 19 6 12
12 174 6 24 5 12
12 174 7 23 5 12
12 174 8 22 5 12
12 174 9 21 5 12
12 174 10 20 5 12
12 174 11 19 5 12
12 174 12 24 4 12
12 174 13 23 4 12
12 174 14 22 4 12
12 174 15 21 4 12
12 174 16 20 4 12
12 174 17 19 4 12
12 174 18 24 3 12
12 174 19 23 3 12
12 174 20 22 3 12
12 174 21 21 3 12
12 174 22 20 3 12
12 174 23 19 3 12
12 174 24 24 2 12
12 174 25 23 2 12
12 174 26 22 2 12
12 174 27 21 2 12
12 174 28 20 2 12
12 174 29 19 2 12
12 174 30 24 1 12
12 174 31 23 1 12
12 174 32 22 1 12
12 174 33 21 1 12
12 174 34 20 1 12
12 174 35 19 1 12
12 175 0 13 12 12
12 175 1 14 12 12
12 175 2 15 12 12
12 175 3 16 12 12
12 175 4 17 12 12
12 175 5 18 12 12
12 175 6 13 11 12
12 175 7 14 11 12
12 175 8 15 11 12
12 175 9 16 11 12
12 175 10 17 11 12
12 175 11 18 11 12
12 175 12 13 10 12
12 175 13 14 10 12
12 175 14 15 10 12
12 175 15 16 10 12
12 175 16 17 10 12
12 175 17 18 10 12
12 175 18 13 9 12
12 175 19 14 9 12
12 175 20 15 9 12
12 175 21 16 9 12
12 175 22 17 9 12
12 175 23 18 9 12
12 175 24 13 8 12
12 175 25 14 8 12
12 175 26 15 8 12
12 175 27 16 8 12
12 175 28 17 8 12
12 175 29 18 8 12
12 175 30 13 7 12
12 175 31 14 7 12
12 175 32 15 7 12
12 175 33 16 7 12
12 175 34 17 7 12
12 175 35 18 7 12
12 176 0 19 12 12
12 176 1 20 12 12
12 176 2 21 12 12
12 176 3 22 12 12
12 176 4 23 12 12
12 176 5 24 12 12
12 176 6 19 11 12
12 176 7 20 11 12
12 176 8 21 11 12
12 176 9 22 11 12
12 176 10 23 11 12
12 176 11 24 11 12
12 176 12 19 10 12
12 176 13 20 10 12
12 176 14 21 10 12
12 176 15 22 10 12
12 176 16 23 10 12
12 176 17 24 10 12
12 176 18 19 9 12
12 176 19 20 9 12
12 176 20 21 9 12
12 176 21 22 9 12
12 176 22 23 9 12
12 176 23 24 9 12
12 176 24 19 8 12
12 176 25 20 8 12
12 176 26 21 8 12
12 176 27 22 8 12
12 176 28 23 8 12
12 176 29 24 8 12
12 176 30 19 7 12
12 176 31 20 7 12
12 176 32 21 7 12
12 176 33 22 7 12
12 176 34 23 7 12
12 176 35 24 7 12
12 177 0 6 18 12
12 177 1 5 18 12
12 177 2 4 18 12
12 177 3 3 18 12
12 177 4 2 18 12
12 177 5 1 18 12
12 177 6 6 17 12
12 177 7 5 17 12
12 177 8 4 17 12
12 177 9 3 17 12
12 177 10 2 17 12
12 177 11 1 17 12
12 177 12 6 16 12
12 177 13 5 16 12
12 177 14 4 16 12
12 177 15 3 16 12
12 177 16 2 16 12
12 177 17 1 16 12
12 177 18 6 15 12
12 177 19 5 15 12
12 177 20 4 15 12
12 177 21 3 15 12
12 177 22 2 15 12
12 177 23 1 15 12
12 177 24 6 14 12
12 177 25 5 14 12
12 177 26 4 14 12
12 177 27 3 14 12
12 177 28 2 14 12
12 177 29 1 14 12
12 177 30 6 13 12
12 177 31 5 13 12
12 177 32 4 13 12
12 177 33 3 13 12
12 177 34 2 13 12
12 177 35 1 13 12
12 178 0 12 18 12
12 178 1 11 18 12
12 178 2 10 18 12
12 178 3 9 18 12
12 178 4 8 18 12
12 178 5 7 18 12
12 178 6 12 17 12
12 178 7 11 17 12
12 178 8 10 17 12
12 178 9 9 17 12
12 178 10 8 17 12
12 178 11 7 17 12
12 178 12 12 16 12
12 178 13 11 16 12
12 178 14 10 16 12
12 178 15 9 16 12
12 178 16 8 16 12
12 178 17 7 16 12
12 178 18 12 15 12
12 178 19 11 15 12
12 178 20 10 15 12
12 178 21 9 15 12
12 178 22 8 15 12
12 178 23 7 15 12
12 178 24 12 14 12
12 178 25 11 14 12
12 178 26 10 14 12
12 178 27 9 14 12
12 178 28 8 14 12
12 178 29 7 14 12
12 178 30 12 13 12
12 178 31 11 13 12
12 178 32 10 13 12
12 178 33 9 13 12
12 178 34 8 13 12
12 178 35 7 13 12
12 179 0 1 24 12
12 179 1 2 24 12
12 179 2 3 24 12
12 179 3 4 24 12
12 179 4 5 24 12
12 179 5 6 24 12
12 179 6 1 23 12
12 179 7 2 23 12
12 179 8 3 23 12
12 179 9 4 23 12
12 179 10 5 23 12
12 179 11 6 23 12
12 179 12 1 22 12
12 179 13 2 22 12
12 179 14 3 22 12
12 179 15 4 22 12
12 179 16 5 22 12
12 179 17 6 22 12
12 179 18 1 21 12
12 179 19 2 21 12
12 179 20 3 21 12
12 179 21 4 21 12
12 179 22 5 21 12
12 179 23 6 21 12
12 179 24 1 20 12
12 179 25 2 20 12
12 179 26 3 20 12
12 179 27 4 20 12
12 179 28 5 20 12
12 179 29 6 20 12
12 179 30 1 19 12
12 179 31 2 19 12
12 179 32 3 19 12
12 179 33 4 19 12
12 179 34 5 19 12
12 179 35 6 19 12
12 180 0 7 24 12
12 180 1 8 24 12
12 180 2 9 24 12
12 180 3 10 24 12
12 180 4 11 24 12
12 180 5 12 24 12
12 180 6 7 23 12
12 180 7 8 23 12
12 180 8 9 23 12
12 180 9 10 23 12
12 180 10 11 23 12
12 180 11 12 23 12
12 180 12 7 22 12
12 180 13 8 22 12
12 180 14 9 22 12
12 180 15 10 22 12
12 180 16 11 22 12
12 180 17 12 22 12
12 180 18 7 21 12
12 180 19 8 21 12
12 180 20 9 21 12
12 180 21 10 21 12
12 180 22 11 21 12
12 180 23 12 21 12
12 180 24 7 20 12
12 180 25 8 20 12
12 180 26 9 20 12
12 180 27 10 20 12
12 180 28 11 20 12
12 180 29 12 20 12
12 180 30 7 19 12
12 180 31 8 19 12
12 180 32 9 19 12
12 180 33 10 19 12
12 180 34 11 19 12
12 180 35 12 19 12
12 181 0 18 18 12
12 181 1 17 18 12
12 181 2 16 18 12
12 181 3 15 18 12
12 181 4 14 18 12
12 181 5 13 18 12
12 181 6 18 17 12
12 181 7 17 17 12
12 181 8 16 17 12
12 181 9 15 17 12
12 181 10 14 17 12
12 181 11 13 17 12
12 181 12 18 16 12
12 181 13 17 16 12
12 181 14 16 16 12
12 181 15 15 16 12
12 181 16 14 16 12
12 181 17 13 16 12
12 181 18 18 15 12
12 181 19 17 15 12
12 181 20 16 15 12
12 181 21 15 15 12
12 181 22 14 15 12
12 181 23 13 15 12
12 181 24 18 14 12
12 181 25 17 14 12
12 181 26 16 14 12
12 181 27 15 14 12
12 181 28 14 14 12
12 181 29 13 14 12
12 181 30 18 13 12
12 181 31 17 13 12
12 181 32 16 13 12
12 181 33 15 13 12
12 181 34 14 13 12
12 181 35 13 13 12
12 182 0 24 18 12
12 182 1 23 18 12
12 182 2 22 18 12
12 182 3 21 18 12
12 182 4 20 18 12
12 182 5 19 18 12
12 182 6 24 17 12
12 182 7 23 17 12
12 182 8 22 17 12
12 182 9 21 17 12
12 182 10 20 17 12
12 182 11 19 17 12
12 182 12 24 16 12
12 182 13 23 16 12
12 182 14 22 16 12
12 182 15 21 16 12
12 182 16 20 16 12
12 182 17 19 16 12
12 182 18 24 15 12
12 182 19 23 15 12
12 182 20 22 15 12
12 182 21 21 15 12
12 182 22 20 15 12
12 182 23 19 15 12
12 182 24 24 14 12
12 182 25 23 14 12
12 182 26 22 14 12
12 182 27 21 14 12
12 182 28 20 14 12
12 182 29 19 14 12
12 182 30 24 13 12
12 182 31 23 13 12
12 182 32 22 13 12
12 182 33 21 13 12
12 182 34 20 13 12
12 182 35 19 13 12
12 183 0 13 24 12
12 183 1 14 24 12
12 183 2 15 24 12
12 183 3 16 24 12
12 183 4 17 24 12
12 183 5 18 24 12
12 183 6 13 23 12
12 183 7 14 23 12
12 183 8 15 23 12
12 183 9 16 23 12
12 183 10 17 23 12
12 183 11 18 23 12
12 183 12 13 22 12
12 183 13 14 22 12
12 183 14 15 22 12
12 183 15 16 22 12
12 183 16 17 22 12
12 183 17 18 22 12
12 183 18 13 21 12
12 183 19 14 21 12
12 183 20 15 21 12
12 183 21 16 21 12
12 183 22 17 21 12
12 183 23 18 21 12
12 183 24 13 20 12
12 183 25 14 20 12
12 183 26 15 20 12
12 183 27 16 20 12
12 183 28 17 20 12
12 183 29 18 20 12
12 183 30 13 19 12
12 183 31 14 19 12
12 183 32 15 19 12
12 183 33 16 19 12
12 183 34 17 19 12
12 183 35 18 19 12
12 184 0 19 24 12
12 184 1 20 24 12
12 184 2 21 24 12
12 184 3 22 24 12
12 184 4 23 24 12
12 184 5 24 24 12
12 184 6 19 23 12
12 184 7 20 23 12
12 184 8 21 23 12
12 184 9 22 23 12
12 184 10 23 23 12
12 184 11 24 23 12
12 184 12 19 22 12
12 184 13 20 22 12
12 184 14 21 22 12
12 184 15 22 22 12
12 184 16 23 22 12
12 184 17 24 22 12
12 184 18 19 21 12
12 184 19 20 21 12
12 184 20 21 21 12
12 184 21 22 21 12
12 184 22 23 21 12
12 184 23 24 21 12
12 184 24 19 20 12
12 184 25 20 20 12
12 184 26 21 20 12
12 184 27 22 20 12
12 184 28 23 20 12
12 184 29 24 20 12
12 184 30 19 19 12
12 184 31 20 19 12
12 184 32 21 19 12
12 184 33 22 19 12
12 184 34 23 19 12
12 184 35 24 19 12
13 185 0 6 6 13
13 185 1 5 6 13
13 185 2 4 6 13
13 185 3 3 6 13
13 185 4 2 6 13
13 185 5 1 6 13
13 185 6 6 5 13
13 185 7 5 5 13
13 185 8 4 5 13
13 185 9 3 5 13
13 185 10 2 5 13
13 185 11 1 5 13
13 185 12 6 4 13
13 185 13 5 4 13
13 185 14 4 4 13
13 185 15 3 4 13
13 185 16 2 4 13
13 185 17 1 4 13
13 185 18 6 3 13
13 185 19 5 3 13
13 185 20 4 3 13
13 185 21 3 3 13
13 185 22 2 3 13
13 185 23 1 3 13
13 185 24 6 2 13
13 185 25 5 2 13
13 185 26 4 2 13
13 185 27 3 2 13
13 185 28 2 2 13
13 185 29 1 2 13
13 185 30 6 1 13
13 185 31 5 1 13
13 185 32 4 1 13
13 185 33 3 1 13
13 185 34 2 1 13
13 185 35 1 1 13
13 186 0 12 6 13
13 186 1 11 6 13
13 186 2 10 6 13
13 186 3 9 6 13
13 186 4 8 6 13
13 186 5 7 6 13
13 186 6 12 5 13
13 186 7 11 5 13
13 186 8 10 5 13
13 186 9 9 5 13
13 186 10 8 5 13
13 186 11 7 5 13
13 186 12 12 4 13
13 186 13 11 4 13
13 186 14 10 4 13
13 186 15 9 4 13
13 186 16 8 4 13
13 186 17 7 4 13
13 186 18 12 3 13
13 186 19 11 3 13
13 186 20 10 3 13
13 186 21 9 3 13
13 186 22 8 3 13
13 186 23 7 3 13
13 186 24 12 2 13
13 186 25 11 2 13
13 186 26 10 2 13
13 186 27 9 2 13
13 186 28 8 2 13
13 186 29 7 2 13
13 186 30 12 1 13
13 186 31 11 1 13
13 186 32 10 1 13
13 186 33 9 1 13
13 186 34 8 1 13
13 186 35 7 1 13
13 187 0 1 12 13
13 187 1 2 12 13
13 187 2 3 12 13
13 187 3 4 12 13
13 187 4 5 12 13
13 187 5 6 12 13
13 187 6 1 11 13
13 187 7 2 11 13
13 187 8 3 11 13
13 187 9 4 11 13
13 187 10 5 11 13
13 187 11 6 11 13
13 187 12 1 10 13
13 187 13 2 10 13
13 187 14 3 10 13
13 187 15 4 10 13
13 187 16 5 10 13
13 187 17 6 10 13
13 187 18 1 9 13
13 187 19 2 9 13
13 187 20 3 9 13
13 187 21 4 9 13
13 187 22 5 9 13
13 187 23 6 9 13
13 187 24 1 8 13
13 187 25 2 8 13
13 187 26 3 8 13
13 187 27 4 8 13
13 187 28 5 8 13
13 187 29 6 8 13
13 187 30 1 7 13
13 187 31 2 7 13
13 187 32 3 7 13
13 187 33 4 7 13
13 187 34 5 7 13
13 187 35 6 7 13
13 188 0 7 12 13
13 188 1 8 12 13
13 188 2 9 12 13
13 188 3 10 12 13
13 188 4 11 12 13
13 188 5 12 12 13
13 188 6 7 11 13
13 188 7 8 11 13
13 188 8 9 11 13
13 188 9 10 11 13
13 188 10 11 11 13
13 188 11 12 11 13
13 188 12 7 10 13
13 188 13 8 10 13
13 188 14 9 10 13
13 188 15 10 10 13
13 188 16 11 10 13
13 188 17 12 10 13
13 188 18 7 9 13
13 188 19 8 9 13
13 188 20 9 9 13
13 188 21 10 9 13
13 188 22 11 9 13
13 188 23 12 9 13
13 188 24 7 8 13
13 188 25 8 8 13
13 188 26 9 8 13
13 188 27 10 8 13
13 188 28 11 8 13
13 188 29 12 8 13
13 188 30 7 7 13
13 188 31 8 7 13
13 188 32 9 7 13
13 188 33 10 7 13
13 188 34 11 7 13
13 188 35 12 7 13
13 189 0 18 6 13
13 189 1 17 6 13
13 189 2 16 6 13
13 189 3 15 6 13
13 189 4 14 6 13
13 189 5 13 6 13
13 189 6 18 5 13
13 189 7 17 5 13
13 189 8 16 5 13
13 189 9 15 5 13
13 189 10 14 5 13
13 189 11 13 5 13
13 189 12 18 4 13
13 189 13 17 4 13
13 189 14 16 4 13
13 189 15 15 4 13
13 189 16 14 4 13
13 189 17 13 4 13
13 189 18 18 3 13
13 189 19 17 3 13
13 189 20 16 3 13
13 189 21 15 3 13
13 189 22 14 3 13
13 189 23 13 3 13
13 189 24 18 2 13
13 189 25 17 2 13
13 189 26 16 2 13
13 189 27 15 2 13
13 189 28 14 2 13
13 189 29 13 2 13
13 189 30 18 1 13
13 189 31 17 1 13
13 189 32 16 1 13
13 189 33 15 1 13
13 189 34 14 1 13
13 189 35 13 1 13
13 190 0 24 6 13
13 190 1 23 6 13
13 190 2 22 6 13
13 190 3 21 6 13
13 190 4 20 6 13
13 190 5 19 6 13
13 190 6 24 5 13
13 190 7 23 5 13
13 190 8 22 5 13
13 190 9 21 5 13
13 190 10 20 5 13
13 190 11 19 5 13
13 190 12 24 4 13
13 190 13 23 4 13
13 190 14 22 4 13
13 190 15 21 4 13
13 190 16 20 4 13
13 190 17 19 4 13
13 190 18 24 3 13
13 190 19 23 3 13
13 190 20 22 3 13
13 190 21 21 3 13
13 190 22 20 3 13
13 190 23 19 3 13
13 190 24 24 2 13
13 190 25 23 2 13
13 190 26 22 2 13
13 190 27 21 2 13
13 190 28 20 2 13
13 190 29 19 2 13
13 190 30 24 1 13
13 190 31 23 1 13
13 190 32 22 1 13
13 190 33 21 1 13
13 190 34 20 1 13
13 190 35 19 1 13
13 191 0 13 12 13
13 191 1 14 12 13
13 191 2 15 12 13
13 191 3 16 12 13
13 191 4 17 12 13
13 191 5 18 12 13
13 191 6 13 11 13
13 191 7 14 11 13
13 191 8 15 11 13
13 191 9 16 11 13
13 191 10 17 11 13
13 191 11 18 11 13
13 191 12 13 10 13
13 191 13 14 10 13
13 191 14 15 10 13
13 191 15 16 10 13
13 191 16 17 10 13
13 191 17 18 10 13
13 191 18 13 9 13
13 191 19 14 9 13
13 191 20 15 9 13
13 191 21 16 9 13
13 191 22 17 9 13
13 191 23 18 9 13
13 191 24 13 8 13
13 191 25 14 8 13
13 191 26 15 8 13
13 191 27 16 8 13
13 191 28 17 8 13
13 191 29 18 8 13
13 191 30 13 7 13
13 191 31 14 7 13
13 191 32 15 7 13
13 191 33 16 7 13
13 191 34 17 7 13
13 191 35 18 7 13
13 192 0 19 12 13
13 192 1 20 12 13
13 192 2 21 12 13
13 192 3 22 12 13
13 192 4 23 12 13
13 192 5 24 12 13
13 192 6 19 11 13
13 192 7 20 11 13
13 192 8 21 11 13
13 192 9 22 11 13
13 192 10 23 11 13
13 192 11 24 11 13
13 192 12 19 10 13
13 192 13 20 10 13
13 192 14 21 10 13
13 192 15 22 10 13
13 192 16 23 10 13
13 192 17 24 10 13
13 192 18 19 9 13
13 192 19 20 9 13
13 192 20 21 9 13
13 192 21 22 9 13
13 192 22 23 9 13
13 192 23 24 9 13
13 192 24 19 8 13
13 192 25 20 8 13
13 192 26 21 8 13
13 192 27 22 8 13
13 192 28 23 8 13
13 192 29 24 8 13
13 192 30 19 7 13
13 192 31 20 7 13
13 192 32 21 7 13
13 192 33 22 7 13
13 192 34 23 7 13
13 192 35 24 7 13
13 193 0 6 18 13
13 193 1 5 18 13
13 193 2 4 18 13
13 193 3 3 18 13
13 193 4 2 18 13
13 193 5 1 18 13
13 193 6 6 17 13
13 193 7 5 17 13
13 193 8 4 17 13
13 193 9 3 17 13
13 193 10 2 17 13
13 193 11 1 17 13
13 193 12 6 16 13
13 193 13 5 16 13
13 193 14 4 16 13
13 193 15 3 16 13
13 193 16 2 16 13
13 193 17 1 16 13
13 193 18 6 15 13
13 193 19 5 15 13
13 193 20 4 15 13
13 193 21 3 15 13
13 193 22 2 15 13
13 193 23 1 15 13
13 193 24 6 14 13
13 193 25 5 14 13
13 193 26 4 14 13
13 193 27 3 14 13
13 193 28 2 14 13
13 193 29 1 14 13
13 193 30 6 13 13
13 193 31 5 13 13
13 193 32 4 13 13
13 193 33 3 13 13
13 193 34 2 13 13
13 193 35 1 13 13
13 194 0 12 18 13
13 194 1 11 18 13
13 194 2 10 18 13
13 194 3 9 18 13
13 194 4 8 18 13
13 194 5 7 18 13
13 194 6 12 17 13
13 194 7 11 17 13
13 194 8 10 17 13
13 194 9 9 17 13
13 194 10 8 17 13
13 194 11 7 17 13
13 194 12 12 16 13
13 194 13 11 16 13
13 194 14 10 16 13
13 194 15 9 16 13
13 194 16 8 16 13
13 194 17 7 16 13
13 194 18 12 15 13
13 194 19 11 15 13
13 194 20 10 15 13
13 194 21 9 15 13
13 194 22 8 15 13
13 194 23 7 15 13
13 194 24 12 14 13
13 194 25 11 14 13
13 194 26 10 14 13
13 194 27 9 14 13
13 194 28 8 14 13
13 194 29 7 14 13
13 194 30 12 13 13
13 194 31 11 13 13
13 194 32 10 13 13
13 194 33 9 13 13
13 194 34 8 13 13
13 194 35 7 13 13
13 195 0 1 24 13
13 195 1 2 24 13
13 195 2 3 24 13
13 195 3 4 24 13
13 195 4 5 24 13
13 195 5 6 24 13
13 195 6 1 23 13
13 195 7 2 23 13
13 195 8 3 23 13
13 195 9 4 23 13
13 195 10 5 23 13
13 195 11 6 23 13
13 195 12 1 22 13
13 195 13 2 22 13
13 195 14 3 22 13
13 195 15 4 22 13
13 195 16 5 22 13
13 195 17 6 22 13
13 195 18 1 21 13
13 195 19 2 21 13
13 195 20 3 21 13
13 195 21 4 21 13
13 195 22 5 21 13
13 195 23 6 21 13
13 195 24 1 20 13
13 195 25 2 20 13
13 195 26 3 20 13
13 195 27 4 20 13
13 195 28 5 20 13
13 195 29 6 20 13
13 195 30 1 19 13
13 195 31 2 19 13
13 195 32 3 19 13
13 195 33 4 19 13
13 195 34 5 19 13
13 195 35 6 19 13
13 196 0 7 24 13
13 196 1 8 24 13
13 196 2 9 24 13
13 196 3 10 24 13
13 196 4 11 24 13
13 196 5 12 24 13
13 196 6 7 23 13
13 196 7 8 23 13
13 196 8 9 23 13
13 196 9 10 23 13
13 196 10 11 23 13
13 196 11 12 23 13
13 196 12 7 22 13
13 196 13 8 22 13
13 196 14 9 22 13
13 196 15 10 22 13
13 196 16 11 22 13
13 196 17 12 22 13
13 196 18 7 21 13
13 196 19 8 21 13
13 196 20 9 21 13
13 196 21 10 21 13
13 196 22 11 21 13
13 196 23 12 21 13
13 196 24 7 20 13
13 196 25 8 20 13
13 196 26 9 20 13
13 196 27 10 20 13
13 196 28 11 20 13
13 196 29 12 20 13
13 196 30 7 19 13
13 196 31 8 19 13
13 196 32 9 19 13
13 196 33 10 19 13
13 196 34 11 19 13
13 196 35 12 19 13
13 197 0 18 18 13
13 197 1 17 18 13
13 197 2 16 18 13
13 197 3 15 18 13
13 197 4 14 18 13
13 197 5 13 18 13
13 197 6 18 17 13
13 197 7 17 17 13
13 197 8 16 17 13
13 197 9 15 17 13
13 197 10 14 17 13
13 197 11 13 17 13
13 197 12 18 16 13
13 197 13 17 16 13
13 197 14 16 16 13
13 197 15 15 16 13
13 197 16 14 16 13
13 197 17 13 16 13
13 197 18 18 15 13
13 197 19 17 15 13
13 197 20 16 15 13
13 197 21 15 15 13
13 197 22 14 15 13
13 197 23 13 15 13
13 197 24 18 14 13
13 197 25 17 14 13
13 197 26 16 14 13
13 197 27 15 14 13
13 197 28 14 14 13
13 197 29 13 14 13
13 197 30 18 13 13
13 197 31 17 13 13
13 197 32 16 13 13
13 197 33 15 13 13
13 197 34 14 13 13
13 197 35 13 13 13
13 198 0 24 18 13
13 198 1 23 18 13
13 198 2 22 18 13
13 198 3 21 18 13
13 198 4 20 18 13
13 198 5 19 18 13
13 198 6 24 17 13
13 198 7 23 17 13
13 198 8 22 17 13
13 198 9 21 17 13
13 198 10 20 17 13
13 198 11 19 17 13
13 198 12 24 16 13
13 198 13 23 16 13
13 198 14 22 16 13
13 198 15 21 16 13
13 198 16 20 16 13
13 198 17 19 16 13
13 198 18 24 15 13
13 198 19 23 15 13
13 198 20 22 15 13
13 198 21 21 15 13
13 198 22 20 15 13
13 198 23 19 15 13
13 198 24 24 14 13
13 198 25 23 14 13
13 198 26 22 14 13
13 198 27 21 14 13
13 198 28 20 14 13
13 198 29 19 14 13
13 198 30 24 13 13
13 198 31 23 13 13
13 198 32 22 13 13
13 198 33 21 13 13
13 198 34 20 13 13
13 198 35 19 13 13
13 199 0 13 24 13
13 199 1 14 24 13
13 199 2 15 24 13
13 199 3 16 24 13
13 199 4 17 24 13
13 199 5 18 24 13
13 199 6 13 23 13
13 199 7 14 23 13
13 199 8 15 23 13
13 199 9 16 23 13
13 199 10 17 23 13
13 199 11 18 23 13
13 199 12 13 22 13
13 199 13 14 22 13
13 199 14 15 22 13
13 199 15 16 22 13
13 199 16 17 22 13
13 199 17 18 22 13
13 199 18 13 21 13
13 199 19 14 21 13
13 199 20 15 21 13
13 199 21 16 21 13
13 199 22 17 21 13
13 199 23 18 21 13
13 199 24 13 20 13
13 199 25 14 20 13
13 199 26 15 20 13
13 199 27 16 20 13
13 199 28 17 20 13
13 199 29 18 20 13
13 199 30 13 19 13
13 199 31 14 19 13
13 199 32 15 19 13
13 199 33 16 19 13
13 199 34 17 19 13
13 199 35 18 19 13
13 200 0 19 24 13
13 200 1 20 24 13
13 200 2 21 24 13
13 200 3 22 24 13
13 200 4 23 24 13
13 200 5 24 24 13
13 200 6 19 23 13
13 200 7 20 23 13
13 200 8 21 23 13
13 200 9 22 23 13
13 200 10 23 23 13
13 200 11 24 23 13
13 200 12 19 22 13
13 200 13 20 22 13
13 200 14 21 22 13
13 200 15 22 22 13
13 200 16 23 22 13
13 200 17 24 22 13
13 200 18 19 21 13
13 200 19 20 21 13
13 200 20 21 21 13
13 200 21 22 21 13
13 200 22 23 21 13
13 200 23 24 21 13
13 200 24 19 20 13
13 200 25 20 20 13
13 200 26 21 20 13
13 200 27 22 20 13
13 200 28 23 20 13
13 200 29 24 20 13
13 200 30 19 19 13
13 200 31 20 19 13
13 200 32 21 19 13
13 200 33 22 19 13
13 200 34 23 19 13
13 200 35 24 19 13
14 201 0 6 6 14
14 201 1 5 6 14
14 201 2 4 6 14
14 201 3 3 6 14
14 201 4 2 6 14
14 201 5 1 6 14
14 201 6 6 5 14
14 201 7 5 5 14
14 201 8 4 5 14
14 201 9 3 5 14
14 201 10 2 5 14
14 201 11 1 5 14
14 201 12 6 4 14
14 201 13 5 4 14
14 201 14 4 4 14
14 201 15 3 4 14
14 201 16 2 4 14
14 201 17 1 4 14
14 201 18 6 3 14
14 201 19 5 3 14
14 201 20 4 3 14
14 201 21 3 3 14
14 201 22 2 3 14
14 201 23 1 3 14
14 201 24 6 2 14
14 201 25 5 2 14
14 201 26 4 2 14
14 201 27 3 2 14
14 201 28 2 2 14
14 201 29 1 2 14
14 201 30 6 1 14
14 201 31 5 1 14
14 201 32 4 1 14
14 201 33 3 1 14
14 201 34 2 1 14
14 201 35 1 1 14
14 202 0 12 6 14
14 202 1 11 6 14
14 202 2 10 6 14
14 202 3 9 6 14
14 202 4 8 6 14
14 202 5 7 6 14
14 202 6 12 5 14
14 202 7 11 5 14
14 202 8 10 5 14
14 202 9 9 5 14
14 202 10 8 5 14
14 202 11 7 5 14
14 202 12 12 4 14
14 202 13 11 4 14
14 202 14 10 4 14
14 202 15 9 4 14
14 202 16 8 4 14
14 202 17 7 4 14
14 202 18 12 3 14
14 202 19 11 3 14
14 202 20 10 3 14
14 202 21 9 3 14
14 202 22 8 3 14
14 202 23 7 3 14
14 202 24 12 2 14
14 202 25 11 2 14
14 202 26 10 2 14
14 202 27 9 2 14
14 202 28 8 2 14
14 202 29 7 2 14
14 202 30 12 1 14
14 202 31 11 1 14
14 202 32 10 1 14
14 202 33 9 1 14
14 202 34 8 1 14
14 202 35 7 1 14
14 203 0 1 12 14
14 203 1 2 12 14
14 203 2 3 12 14
14 203 3 4 12 14
14 203 4 5 12 14
14 203 5 6 12 14
14 203 6 1 11 14
14 203 7 2 11 14
14 203 8 3 11 14
14 203 9 4 11 14
14 203 10 5 11 14
14 203 11 6 11 14
14 203 12 1 10 14
14 203 13 2 10 14
14 203 14 3 10 14
14 203 15 4 10 14
14 203 16 5 10 14
14 203 17 6 10 14
14 203 18 1 9 14
14 203 19 2 9 14
14 203 20 3 9 14
14 203 21 4 9 14
14 203 22 5 9 14
14 203 23 6 9 14
14 203 24 1 8 14
14 203 25 2 8 14
14 203 26 3 8 14
14 203 27 4 8 14
14 203 28 5 8 14
14 203 29 6 8 14
14 203 30 1 7 14
14 203 31 2 7 14
14 203 32 3 7 14
14 203 33 4 7 14
14 203 34 5 7 14
14 203 35 6 7 14
14 204 0 7 12 14
14 204 1 8 12 14
14 204 2 9 12 14
14 204 3 10 12 14
14 204 4 11 12 14
14 204 5 12 12 14
14 204 6 7 11 14
14 204 7 8 11 14
14 204 8 9 11 14
14 204 9 10 11 14
14 204 10 11 11 14
14 204 11 12 11 14
14 204 12 7 10 14
14 204 13 8 10 14
14 204 14 9 10 14
14 204 15 10 10 14
14 204 16 11 10 14
14 204 17 12 10 14
14 204 18 7 9 14
14 204 19 8 9 14
14 204 20 9 9 14
14 204 21 10 9 14
14 204 22 11 9 14
14 204 23 12 9 14
14 204 24 7 8 14
14 204 25 8 8 14
14 204 26 9 8 14
14 204 27 10 8 14
14 204 28 11 8 14
14 204 29 12 8 14
14 204 30 7 7 14
14 204 31 8 7 14
14 204 32 9 7 14
14 204 33 10 7 14
14 204 34 11 7 14
14 204 35 12 7 14
14 205 0 18 6 14
14 205 1 17 6 14
14 205 2 16 6 14
14 205 3 15 6 14
14 205 4 14 6 14
14 205 5 13 6 14
14 205 6 18 5 14
14 205 7 17 5 14
14 205 8 16 5 14
14 205 9 15 5 14
14 205 10 14 5 14
14 205 11 13 5 14
14 205 12 18 4 14
14 205 13 17 4 14
14 205 14 16 4 14
14 205 15 15 4 14
14 205 16 14 4 14
14 205 17 13 4 14
14 205 18 18 3 14
14 205 19 17 3 14
14 205 20 16 3 14
14 205 21 15 3 14
14 205 22 14 3 14
14 205 23 13 3 14
14 205 24 18 2 14
14 205 25 17 2 14
14 205 26 16 2 14
14 205 27 15 2 14
14 205 28 14 2 14
14 205 29 13 2 14
14 205 30 18 1 14
14 205 31 17 1 14
14 205 32 16 1 14
14 205 33 15 1 14
14 205 34 14 1 14
14 205 35 13 1 14
14 206 0 24 6 14
14 206 1 23 6 14
14 206 2 22 6 14
14 206 3 21 6 14
14 206 4 20 6 14
14 206 5 19 6 14
14 206 6 24 5 14
14 206 7 23 5 14
14 206 8 22 5 14
14 206 9 21 5 14
14 206 10 20 5 14
14 206 11 19 5 14
14 206 12 24 4 14
14 206 13 23 4 14
14 206 14 22 4 14
14 206 15 21 4 14
14 206 16 20 4 14
14 206 17 19 4 14
14 206 18 24 3 14
14 206 19 23 3 14
14 206 20 22 3 14
14 206 21 21 3 14
14 206 22 20 3 14
14 206 23 19 3 14
14 206 24 24 2 14
14 206 25 23 2 14
14 206 26 22 2 14
14 206 27 21 2 14
14 206 28 20 2 14
14 206 29 19 2 14
14 206 30 24 1 14
14 206 31 23 1 14
14 206 32 22 1 14
14 206 33 21 1 14
14 206 34 20 1 14
14 206 35 19 1 14
14 207 0 13 12 14
14 207 1 14 12 14
14 207 2 15 12 14
14 207 3 16 12 14
14 207 4 17 12 14
14 207 5 18 12 14
14 207 6 13 11 14
14 207 7 14 11 14
14 207 8 15 11 14
14 207 9 16 11 14
14 207 10 17 11 14
14 207 11 18 11 14
14 207 12 13 10 14
14 207 13 14 10 14
14 207 14 15 10 14
14 207 15 16 10 14
14 207 16 17 10 14
14 207 17 18 10 14
14 207 18 13 9 14
14 207 19 14 9 14
14 207 20 15 9 14
14 207 21 16 9 14
14 207 22 17 9 14
14 207 23 18 9 14
14 207 24 13 8 14
14 207 25 14 8 14
14 207 26 15 8 14
14 207 27 16 8 14
14 207 28 17 8 14
14 207 29 18 8 14
14 207 30 13 7 14
14 207 31 14 7 14
14 207 32 15 7 14
14 207 33 16 7 14
14 207 34 17 7 14
14 207 35 18 7 14
14 208 0 19 12 14
14 208 1 20 12 14
14 208 2 21 12 14
14 208 3 22 12 14
14 208 4 23 12 14
14 208 5 24 12 14
14 208 6 19 11 14
14 208 7 20 11 14
14 208 8 21 11 14
14 208 9 22 11 14
14 208 10 23 11 14
14 208 11 24 11 14
14 208 12 19 10 14
14 208 13 20 10 14
14 208 14 21 10 14
14 208 15 22 10 14
14 208 16 23 10 14
14 208 17 24 10 14
14 208 18 19 9 14
14 208 19 20 9 14
14 208 20 21 9 14
14 208 21 22 9 14
14 208 22 23 9 14
14 208 23 24 9 14
14 208 24 19 8 14
14 208 25 20 8 14
14 208 26 21 8 14
14 208 27 22 8 14
14 208 28 23 8 14
14 208 29 24 8 14
14 208 30 19 7 14
14 208 31 20 7 14
14 208 32 21 7 14
14 208 33 22 7 14
14 208 34 23 7 14
14 208 35 24 7 14
14 209 0 6 18 14
14 209 1 5 18 14
14 209 2 4 18 14
14 209 3 3 18 14
14 209 4 2 18 14
14 209 5 1 18 14
14 209 6 6 17 14
14 209 7 5 17 14
14 209 8 4 17 14
14 209 9 3 17 14
14 209 10 2 17 14
14 209 11 1 17 14
14 209 12 6 16 14
14 209 13 5 16 14
14 209 14 4 16 14
14 209 15 3 16 14
14 209 16 2 16 14
14 209 17 1 16 14
14 209 18 6 15 14
14 209 19 5 15 14
14 209 20 4 15 14
14 209 21 3 15 14
14 209 22 2 15 14
14 209 23 1 15 14
14 209 24 6 14 14
14 209 25 5 14 14
14 209 26 4 14 14
14 209 27 3 14 14
14 209 28 2 14 14
14 209 29 1 14 14
14 209 30 6 13 14
14 209 31 5 13 14
14 209 32 4 13 14
14 209 33 3 13 14
14 209 34 2 13 14
14 209 35 1 13 14
14 210 0 12 18 14
14 210 1 11 18 14
14 210 2 10 18 14
14 210 3 9 18 14
14 210 4 8 18 14
14 210 5 7 18 14
14 210 6 12 17 14
14 210 7 11 17 14
14 210 8 10 17 14
14 210 9 9 17 14
14 210 10 8 17 14
14 210 11 7 17 14
14 210 12 12 16 14
14 210 13 11 16 14
14 210 14 10 16 14
14 210 15 9 16 14
14 210 16 8 16 14
14 210 17 7 16 14
14 210 18 12 15 14
14 210 19 11 15 14
14 210 20 10 15 14
14 210 21 9 15 14
14 210 22 8 15 14
14 210 23 7 15 14
14 210 24 12 14 14
14 210 25 11 14 14
14 210 26 10 14 14
14 210 27 9 14 14
14 210 28 8 14 14
14 210 29 7 14 14
14 210 30 12 13 14
14 210 31 11 13 14
14 210 32 10 13 14
14 210 33 9 13 14
14 210 34 8 13 14
14 210 35 7 13 14
14 211 0 1 24 14
14 211 1 2 24 14
14 211 2 3 24 14
14 211 3 4 24 14
14 211 4 5 24 14
14 211 5 6 24 14
14 211 6 1 23 14
14 211 7 2 23 14
14 211 8 3 23 14
14 211 9 4 23 14
14 211 10 5 23 14
14 211 11 6 23 14
14 211 12 1 22 14
14 211 13 2 22 14
14 211 14 3 22 14
14 211 15 4 22 14
14 211 16 5 22 14
14 211 17 6 22 14
14 211 18 1 21 14
14 211 19 2 21 14
14 211 20 3 21 14
14 211 21 4 21 14
14 211 22 5 21 14
14 211 23 6 21 14
14 211 24 1 20 14
14 211 25 2 20 14
14 211 26 3 20 14
14 211 27 4 20 14
14 211 28 5 20 14
14 211 29 6 20 14
14 211 30 1 19 14
14 211 31 2 19 14
14 211 32 3 19 14
14 211 33 4 19 14
14 211 34 5 19 14
14 211 35 6 19 14
14 212 0 7 24 14
14 212 1 8 24 14
14 212 2 9 24 14
14 212 3 10 24 14
14 212 4 11 24 14
14 212 5 12 24 14
14 212 6 7 23 14
14 212 7 8 23 14
14 212 8 9 23 14
14 212 9 10 23 14
14 212 10 11 23 14
14 212 11 12 23 14
14 212 12 7 22 14
14 212 13 8 22 14
14 212 14 9 22 14
14 212 15 10 22 14
14 212 16 11 22 14
14 212 17 12 22 14
14 212 18 7 21 14
14 212 19 8 21 14
14 212 20 9 21 14
14 212 21 10 21 14
14 212 22 11 21 14
14 212 23 12 21 14
14 212 24 7 20 14
14 212 25 8 20 14
14 212 26 9 20 14
14 212 27 10 20 14
14 212 28 11 20 14
14 212 29 12 20 14
14 212 30 7 19 14
14 212 31 8 19 14
14 212 32 9 19 14
14 212 33 10 19 14
14 212 34 11 19 14
14 212 35 12 19 14
14 213 0 18 18 14
14 213 1 17 18 14
14 213 2 16 18 14
14 213 3 15 18 14
14 213 4 14 18 14
14 213 5 13 18 14
14 213 6 18 17 14
14 213 7 17 17 14
14 213 8 16 17 14
14 213 9 15 17 14
14 213 10 14 17 14
14 213 11 13 17 14
14 213 12 18 16 14
14 213 13 17 16 14
14 213 14 16 16 14
14 213 15 15 16 14
14 213 16 14 16 14
14 213 17 13 16 14
14 213 18 18 15 14
14 213 19 17 15 14
14 213 20 16 15 14
14 213 21 15 15 14
14 213 22 14 15 14
14 213 23 13 15 14
14 213 24 18 14 14
14 213 25 17 14 14
14 213 26 16 14 14
14 213 27 15 14 14
14 213 28 14 14 14
14 213 29 13 14 14
14 213 30 18 13 14
14 213 31 17 13 14
14 213 32 16 13 14
14 213 33 15 13 14
14 213 34 14 13 14
14 213 35 13 13 14
14 214 0 24 18 14
14 214 1 23 18 14
14 214 2 22 18 14
14 214 3 21 18 14
14 214 4 20 18 14
14 214 5 19 18 14
14 214 6 24 17 14
14 214 7 23 17 14
14 214 8 22 17 14
14 214 9 21 17 14
14 214 10 20 17 14
14 214 11 19 17 14
14 214 12 24 16 14
14 214 13 23 16 14
14 214 14 22 16 14
14 214 15 21 16 14
14 214 16 20 16 14
14 214 17 19 16 14
14 214 18 24 15 14
14 214 19 23 15 14
14 214 20 22 15 14
14 214 21 21 15 14
14 214 22 20 15 14
14 214 23 19 15 14
14 214 24 24 14 14
14 214 25 23 14 14
14 214 26 22 14 14
14 214 27 21 14 14
14 214 28 20 14 14
14 214 29 19 14 14
14 214 30 24 13 14
14 214 31 23 13 14
14 214 32 22 13 14
14 214 33 21 13 14
14 214 34 20 13 14
14 214 35 19 13 14
14 215 0 13 24 14
14 215 1 14 24 14
14 215 2 15 24 14
14 215 3 16 24 14
14 215 4 17 24 14
14 215 5 18 24 14
14 215 6 13 23 14
14 215 7 14 23 14
14 215 8 15 23 14
14 215 9 16 23 14
14 215 10 17 23 14
14 215 11 18 23 14
14 215 12 13 22 14
14 215 13 14 22 14
14 215 14 15 22 14
14 215 15 16 22 14
14 215 16 17 22 14
14 215 17 18 22 14
14 215 18 13 21 14
14 215 19 14 21 14
14 215 20 15 21 14
14 215 21 16 21 14
14 215 22 17 21 14
14 215 23 18 21 14
14 215 24 13 20 14
14 215 25 14 20 14
14 215 26 15 20 14
14 215 27 16 20 14
14 215 28 17 20 14
14 215 29 18 20 14
14 215 30 13 19 14
14 215 31 14 19 14
14 215 32 15 19 14
14 215 33 16 19 14
14 215 34 17 19 14
14 215 35 18 19 14
14 216 0 19 24 14
14 216 1 20 24 14
14 216 2 21 24 14
14 216 3 22 24 14
14 216 4 23 24 14
14 216 5 24 24 14
14 216 6 19 23 14
14 216 7 20 23 14
14 216 8 21 23 14
14 216 9 22 23 14
14 216 10 23 23 14
14 216 11 24 23 14
14 216 12 19 22 14
14 216 13 20 22 14
14 216 14 21 22 14
14 216 15 22 22 14
14 216 16 23 22 14
14 216 17 24 22 14
14 216 18 19 21 14
14 216 19 20 21 14
14 216 20 21 21 14
14 216 21 22 21 14
14 216 22 23 21 14
14 216 23 24 21 14
14 216 24 19 20 14
14 216 25 20 20 14
14 216 26 21 20 14
14 216 27 22 20 14
14 216 28 23 20 14
14 216 29 24 20 14
14 216 30 19 19 14
14 216 31 20 19 14
14 216 32 21 19 14
14 216 33 22 19 14
14 216 34 23 19 14
14 216 35 24 19 14
15 217 0 6 6 15
15 217 1 5 6 15
15 217 2 4 6 15
15 217 3 3 6 15
15 217 4 2 6 15
15 217 5 1 6 15
15 217 6 6 5 15
15 217 7 5 5 15
15 217 8 4 5 15
15 217 9 3 5 15
15 217 10 2 5 15
15 217 11 1 5 15
15 217 12 6 4 15
15 217 13 5 4 15
15 217 14 4 4 15
15 217 15 3 4 15
15 217 16 2 4 15
15 217 17 1 4 15
15 217 18 6 3 15
15 217 19 5 3 15
15 217 20 4 3 15
15 217 21 3 3 15
15 217 22 2 3 15
15 217 23 1 3 15
15 217 24 6 2 15
15 217 25 5 2 15
15 217 26 4 2 15
15 217 27 3 2 15
15 217 28 2 2 15
15 217 29 1 2 15
15 217 30 6 1 15
15 217 31 5 1 15
15 217 32 4 1 15
15 217 33 3 1 15
15 217 34 2 1 15
15 217 35 1 1 15
15 218 0 12 6 15
15 218 1 11 6 15
15 218 2 10 6 15
15 218 3 9 6 15
15 218 4 8 6 15
15 218 5 7 6 15
15 218 6 12 5 15
15 218 7 11 5 15
15 218 8 10 5 15
15 218 9 9 5 15
15 218 10 8 5 15
15 218 11 7 5 15
15 218 12 12 4 15
15 218 13 11 4 15
15 218 14 10 4 15
15 218 15 9 4 15
15 218 16 8 4 15
15 218 17 7 4 15
15 218 18 12 3 15
15 218 19 11 3 15
15 218 20 10 3 15
15 218 21 9 3 15
15 218 22 8 3 15
15 218 23 7 3 15
15 218 24 12 2 15
15 218 25 11 2 15
15 218 26 10 2 15
15 218 27 9 2 15
15 218 28 8 2 15
15 218 29 7 2 15
15 218 30 12 1 15
15 218 31 11 1 15
15 218 32 10 1 15
15 218 33 9 1 15
15 218 34 8 1 15
15 218 35 7 1 15
15 219 0 1 12 15
15 219 1 2 12 15
15 219 2 3 12 15
15 219 3 4 12 15
15 219 4 5 12 15
15 219 5 6 12 15
15 219 6 1 11 15
15 219 7 2 11 15
15 219 8 3 11 15
15 219 9 4 11 15
15 219 10 5 11 15
15 219 11 6 11 15
15 219 12 1 10 15
15 219 13 2 10 15
15 219 14 3 10 15
15 219 15 4 10 15
15 219 16 5 10 15
15 219 17 6 10 15
15 219 18 1 9 15
15 219 19 2 9 15
15 219 20 3 9 15
15 219 21 4 9 15
15 219 22 5 9 15
15 219 23 6 9 15
15 219 24 1 8 15
15 219 25 2 8 15
15 219 26 3 8 15
15 219 27 4 8 15
15 219 28 5 8 15
15 219 29 6 8 15
15 219 30 1 7 15
15 219 31 2 7 15
15 219 32 3 7 15
15 219 33 4 7 15
15 219 34 5 7 15
15 219 35 6 7 15
15 220 0 7 12 15
15 220 1 8 12 15
15 220 2 9 12 15
15 220 3 10 12 15
15 220 4 11 12 15
15 220 5 12 12 15
15 220 6 7 11 15
15 220 7 8 11 15
15 220 8 9 11 15
15 220 9 10 11 15
15 220 10 11 11 15
15 220 11 12 11 15
15 220 12 7 10 15
15 220 13 8 10 15
15 220 14 9 10 15
15 220 15 10 10 15
15 220 16 11 10 15
15 220 17 12 10 15
15 220 18 7 9 15
15 220 19 8 9 15
15 220 20 9 9 15
15 220 21 10 9 15
15 220 22 11 9 15
15 220 23 12 9 15
15 220 24 7 8 15
15 220 25 8 8 15
15 220 26 9 8 15
15 220 27 10 8 15
15 220 28 11 8 15
15 220 29 12 8 15
15 220 30 7 7 15
15 220 31 8 7 15
15 220 32 9 7 15
15 220 33 10 7 15
15 220 34 11 7 15
15 220 35 12 7 15
15 221 0 18 6 15
15 221 1 17 6 15
15 221 2 16 6 15
15 221 3 15 6 15
15 221 4 14 6 15
15 221 5 13 6 15
15 221 6 18 5 15
15 221 7 17 5 15
15 221 8 16 5 15
15 221 9 15 5 15
15 221 10 14 5 15
15 221 11 13 5 15
15 221 12 18 4 15
15 221 13 17 4 15
15 221 14 16 4 15
15 221 15 15 4 15
15 221 16 14 4 15
15 221 17 13 4 15
15 221 18 18 3 15
15 221 19 17 3 15
15 221 20 16 3 15
15 221 21 15 3 15
15 221 22 14 3 15
15 221 23 13 3 15
15 221 24 18 2 15
15 221 25 17 2 15
15 221 26 16 2 15
15 221 27 15 2 15
15 221 28 14 2 15
15 221 29 13 2 15
15 221 30 18 1 15
15 221 31 17 1 15
15 221 32 16 1 15
15 221 33 15 1 15
15 221 34 14 1 15
15 221 35 13 1 15
15 222 0 24 6 15
15 222 1 23 6 15
15 222 2 22 6 15
15 222 3 21 6 15
15 222 4 20 6 15
15 222 5 19 6 15
15 222 6 24 5 15
15 222 7 23 5 15
15 222 8 22 5 15
15 222 9 21 5 15
15 222 10 20 5 15
15 222 11 19 5 15
15 222 12 24 4 15
15 222 13 23 4 15
15 222 14 22 4 15
15 222 15 21 4 15
15 222 16 20 4 15
15 222 17 19 4 15
15 222 18 24 3 15
15 222 19 23 3 15
15 222 20 22 3 15
15 222 21 21 3 15
15 222 22 20 3 15
15 222 23 19 3 15
15 222 24 24 2 15
15 222 25 23 2 15
15 222 26 22 2 15
15 222 27 21 2 15
15 222 28 20 2 15
15 222 29 19 2 15
15 222 30 24 1 15
15 222 31 23 1 15
15 222 32 22 1 15
15 222 33 21 1 15
15 222 34 20 1 15
15 222 35 19 1 15
15 223 0 13 12 15
15 223 1 14 12 15
15 223 2 15 12 15
15 223 3 16 12 15
15 223 4 17 12 15
15 223 5 18 12 15
15 223 6 13 11 15
15 223 7 14 11 15
15 223 8 15 11 15
15 223 9 16 11 15
15 223 10 17 11 15
15 223 11 18 11 15
15 223 12 13 10 15
15 223 13 14 10 15
15 223 14 15 10 15
15 223 15 16 10 15
15 223 16 17 10 15
15 223 17 18 10 15
15 223 18 13 9 15
15 223 19 14 9 15
15 223 20 15 9 15
15 223 21 16 9 15
15 223 22 17 9 15
15 223 23 18 9 15
15 223 24 13 8 15
15 223 25 14 8 15
15 223 26 15 8 15
15 223 27 16 8 15
15 223 28 17 8 15
15 223 29 18 8 15
15 223 30 13 7 15
15 223 31 14 7 15
15 223 32 15 7 15
15 223 33 16 7 15
15 223 34 17 7 15
15 223 35 18 7 15
15 224 0 19 12 15
15 224 1 20 12 15
15 224 2 21 12 15
15 224 3 22 12 15
15 224 4 23 12 15
15 224 5 24 12 15
15 224 6 19 11 15
15 224 7 20 11 15
15 224 8 21 11 15
15 224 9 22 11 15
15 224 10 23 11 15
15 224 11 24 11 15
15 224 12 19 10 15
15 224 13 20 10 15
15 224 14 21 10 15
15 224 15 22 10 15
15 224 16 23 10 15
15 224 17 24 10 15
15 224 18 19 9 15
15 224 19 20 9 15
15 224 20 21 9 15
15 224 21 22 9 15
15 224 22 23 9 15
15 224 23 24 9 15
15 224 24 19 8 15
15 224 25 20 8 15
15 224 26 21 8 15
15 224 27 22 8 15
15 224 28 23 8 15
15 224 29 24 8 15
15 224 30 19 7 15
15 224 31 20 7 15
15 224 32 21 7 15
15 224 33 22 7 15
15 224 34 23 7 15
15 224 35 24 7 15
15 225 0 6 18 15
15 225 1 5 18 15
15 225 2 4 18 15
15 225 3 3 18 15
15 225 4 2 18 15
15 225 5 1 18 15
15 225 6 6 17 15
15 225 7 5 17 15
15 225 8 4 17 15
15 225 9 3 17 15
15 225 10 2 17 15
15 225 11 1 17 15
15 225 12 6 16 15
15 225 13 5 16 15
15 225 14 4 16 15
15 225 15 3 16 15
15 225 16 2 16 15
15 225 17 1 16 15
15 225 18 6 15 15
15 225 19 5 15 15
15 225 20 4 15 15
15 225 21 3 15 15
15 225 22 2 15 15
15 225 23 1 15 15
15 225 24 6 14 15
15 225 25 5 14 15
15 225 26 4 14 15
15 225 27 3 14 15
15 225 28 2 14 15
15 225 29 1 14 15
15 225 30 6 13 15
15 225 31 5 13 15
15 225 32 4 13 15
15 225 33 3 13 15
15 225 34 2 13 15
15 225 35 1 13 15
15 226 0 12 18 15
15 226 1 11 18 15
15 226 2 10 18 15
15 226 3 9 18 15
15 226 4 8 18 15
15 226 5 7 18 15
15 226 6 12 17 15
15 226 7 11 17 15
15 226 8 10 17 15
15 226 9 9 17 15
15 226 10 8 17 15
15 226 11 7 17 15
15 226 12 12 16 15
15 226 13 11 16 15
15 226 14 10 16 15
15 226 15 9 16 15
15 226 16 8 16 15
15 226 17 7 16 15
15 226 18 12 15 15
15 226 19 11 15 15
15 226 20 10 15 15
15 226 21 9 15 15
15 226 22 8 15 15
15 226 23 7 15 15
15 226 24 12 14 15
15 226 25 11 14 15
15 226 26 10 14 15
15 226 27 9 14 15
15 226 28 8 14 15
15 226 29 7 14 15
15 226 30 12 13 15
15 226 31 11 13 15
15 226 32 10 13 15
15 226 33 9 13 15
15 226 34 8 13 15
15 226 35 7 13 15
15 227 0 1 24 15
15 227 1 2 24 15
15 227 2 3 24 15
15 227 3 4 24 15
15 227 4 5 24 15
15 227 5 6 24 15
15 227 6 1 23 15
15 227 7 2 23 15
15 227 8 3 23 15
15 227 9 4 23 15
15 227 10 5 23 15
15 227 11 6 23 15
15 227 12 1 22 15
15 227 13 2 22 15
15 227 14 3 22 15
15 227 15 4 22 15
15 227 16 5 22 15
15 227 17 6 22 15
15 227 18 1 21 15
15 227 19 2 21 15
15 227 20 3 21 15
15 227 21 4 21 15
15 227 22 5 21 15
15 227 23 6 21 15
15 227 24 1 20 15
15 227 25 2 20 15
15 227 26 3 20 15
15 227 27 4 20 15
15 227 28 5 20 15
15 227 29 6 20 15
15 227 30 1 19 15
15 227 31 2 19 15
15 227 32 3 19 15
15 227 33 4 19 15
15 227 34 5 19 15
15 227 35 6 19 15
15 228 0 7 24 15
15 228 1 8 24 15
15 228 2 9 24 15
15 228 3 10 24 15
15 228 4 11 24 15
15 228 5 12 24 15
15 228 6 7 23 15
15 228 7 8 23 15
15 228 8 9 23 15
15 228 9 10 23 15
15 228 10 11 23 15
15 228 11 12 23 15
15 228 12 7 22 15
15 228 13 8 22 15
15 228 14 9 22 15
15 228 15 10 22 15
15 228 16 11 22 15
15 228 17 12 22 15
15 228 18 7 21 15
15 228 19 8 21 15
15 228 20 9 21 15
15 228 21 10 21 15
15 228 22 11 21 15
15 228 23 12 21 15
15 228 24 7 20 15
15 228 25 8 20 15
15 228 26 9 20 15
15 228 27 10 20 15
15 228 28 11 20 15
15 228 29 12 20 15
15 228 30 7 19 15
15 228 31 8 19 15
15 228 32 9 19 15
15 228 33 10 19 15
15 228 34 11 19 15
15 228 35 12 19 15
15 229 0 18 18 15
15 229 1 17 18 15
15 229 2 16 18 15
15 229 3 15 18 15
15 229 4 14 18 15
15 229 5 13 18 15
15 229 6 18 17 15
15 229 7 17 17 15
15 229 8 16 17 15
15 229 9 15 17 15
15 229 10 14 17 15
15 229 11 13 17 15
15 229 12 18 16 15
15 229 13 17 16 15
15 229 14 16 16 15
15 229 15 15 16 15
15 229 16 14 16 15
15 229 17 13 16 15
15 229 18 18 15 15
15 229 19 17 15 15
15 229 20 16 15 15
15 229 21 15 15 15
15 229 22 14 15 15
15 229 23 13 15 15
15 229 24 18 14 15
15 229 25 17 14 15
15 229 26 16 14 15
15 229 27 15 14 15
15 229 28 14 14 15
15 229 29 13 14 15
15 229 30 18 13 15
15 229 31 17 13 15
15 229 32 16 13 15
15 229 33 15 13 15
15 229 34 14 13 15
15 229 35 13 13 15
15 230 0 24 18 15
15 230 1 23 18 15
15 230 2 22 18 15
15 230 3 21 18 15
15 230 4 20 18 15
15 230 5 19 18 15
15 230 6 24 17 15
15 230 7 23 17 15
15 230 8 22 17 15
15 230 9 21 17 15
15 230 10 20 17 15
15 230 11 19 17 15
15 230 12 24 16 15
15 230 13 23 16 15
15 230 14 22 16 15
15 230 15 21 16 15
15 230 16 20 16 15
15 230 17 19 16 15
15 230 18 24 15 15
15 230 19 23 15 15
15 230 20 22 15 15
15 230 21 21 15 15
15 230 22 20 15 15
15 230 23 19 15 15
15 230 24 24 14 15
15 230 25 23 14 15
15 230 26 22 14 15
15 230 27 21 14 15
15 230 28 20 14 15
15 230 29 19 14 15
15 230 30 24 13 15
15 230 31 23 13 15
15 230 32 22 13 15
15 230 33 21 13 15
15 230 34 20 13 15
15 230 35 19 13 15
15 231 0 13 24 15
15 231 1 14 24 15
15 231 2 15 24 15
15 231 3 16 24 15
15 231 4 17 24 15
15 231 5 18 24 15
15 231 6 13 23 15
15 231 7 14 23 15
15 231 8 15 23 15
15 231 9 16 23 15
15 231 10 17 23 15
15 231 11 18 23 15
15 231 12 13 22 15
15 231 13 14 22 15
15 231 14 15 22 15
15 231 15 16 22 15
15 231 16 17 22 15
15 231 17 18 22 15
15 231 18 13 21 15
15 231 19 14 21 15
15 231 20 15 21 15
15 231 21 16 21 15
15 231 22 17 21 15
15 231 23 18 21 15
15 231 24 13 20 15
15 231 25 14 20 15
15 231 26 15 20 15
15 231 27 16 20 15
15 231 28 17 20 15
15 231 29 18 20 15
15 231 30 13 19 15
15 231 31 14 19 15
15 231 32 15 19 15
15 231 33 16 19 15
15 231 34 17 19 15
15 231 35 18 19 15
15 232 0 19 24 15
15 232 1 20 24 15
15 232 2 21 24 15
15 232 3 22 24 15
15 232 4 23 24 15
15 232 5 24 24 15
15 232 6 19 23 15
15 232 7 20 23 15
15 232 8 21 23 15
15 232 9 22 23 15
15 232 10 23 23 15
15 232 11 24 23 15
15 232 12 19 22 15
15 232 13 20 22 15
15 232 14 21 22 15
15 232 15 22 22 15
15 232 16 23 22 15
15 232 17 24 22 15
15 232 18 19 21 15
15 232 19 20 21 15
15 232 20 21 21 15
15 232 21 22 21 15
15 232 22 23 21 15
15 232 23 24 21 15
15 232 24 19 20 15
15 232 25 20 20 15
15 232 26 21 20 15
15 232 27 22 20 15
15 232 28 23 20 15
15 232 29 24 20 15
15 232 30 19 19 15
15 232 31 20 19 15
15 232 32 21 19 15
15 232 33 22 19 15
15 232 34 23 19 15
15 232 35 24 19 15
